cycle=24
thUnitNum=16
lineNum=39
busNum=31
demandNum=11

***********************ÁΩëÁªúÊï∞ÊçÆ****************

unit location
1	3	3	3	4	5	7	8	9	25	26	29	30	31	31	31	
demand location
10	11	18	19	20	25	26	27	28	30	31	
demand***************After changed**********
0.024	0.024	0.024	0.024	0.024	0.024	0.024	0.024	0.024	0.024	0.024	0.024	0.024	0.024	0.024	0.024	0.024	0.024	0.024	0.024	0.024	0.024	0.024	0.024	
0.024	0.024	0.024	0.024	0.024	0.024	0.024	0.024	0.024	0.024	0.024	0.024	0.024	0.024	0.024	0.024	0.024	0.024	0.024	0.024	0.024	0.024	0.024	0.024	
0.361	0.361	0.361	0.361	0.361	0.361	0.361	0.361	0.361	0.361	0.361	0.361	0.361	0.361	0.361	0.361	0.361	0.361	0.361	0.361	0.361	0.361	0.361	0.361	
0.036	0.036	0.036	0.036	0.036	0.036	0.036	0.036	0.036	0.036	0.036	0.036	0.036	0.036	0.036	0.036	0.036	0.036	0.036	0.036	0.036	0.036	0.036	0.036	
0.012	0.012	0.012	0.012	0.012	0.012	0.012	0.012	0.012	0.012	0.012	0.012	0.012	0.012	0.012	0.012	0.012	0.012	0.012	0.012	0.012	0.012	0.012	0.012	
0.024	0.024	0.024	0.024	0.024	0.024	0.024	0.024	0.024	0.024	0.024	0.024	0.024	0.024	0.024	0.024	0.024	0.024	0.024	0.024	0.024	0.024	0.024	0.024	
0.265	0.265	0.265	0.265	0.265	0.265	0.265	0.265	0.265	0.265	0.265	0.265	0.265	0.265	0.265	0.265	0.265	0.265	0.265	0.265	0.265	0.265	0.265	0.265	
0.062	0.062	0.062	0.062	0.062	0.062	0.062	0.062	0.062	0.062	0.062	0.062	0.062	0.062	0.062	0.062	0.062	0.062	0.062	0.062	0.062	0.062	0.062	0.062	
0.024	0.024	0.024	0.024	0.024	0.024	0.024	0.024	0.024	0.024	0.024	0.024	0.024	0.024	0.024	0.024	0.024	0.024	0.024	0.024	0.024	0.024	0.024	0.024	
0.048	0.048	0.048	0.048	0.048	0.048	0.048	0.048	0.048	0.048	0.048	0.048	0.048	0.048	0.048	0.048	0.048	0.048	0.048	0.048	0.048	0.048	0.048	0.048	
0.12	0.12	0.12	0.12	0.12	0.12	0.12	0.12	0.12	0.12	0.12	0.12	0.12	0.12	0.12	0.12	0.12	0.12	0.12	0.12	0.12	0.12	0.12	0.12	

line capacity
1000	1000	1000	2000	2000	1500	1500	1200	2400	1200	1200	1000	1000	1000	1000	2000	1000	1000	1780	1780	1200	800	1200	2500	500	200	1000	1000	1000	900	1250	1250	1000	500	1200	800	600	1000	700	***************************ÁÅ´ÁîµÊï∞ÊçÆ************************88

Gama: ---------Begin-------
busNum 31 linNum 39

0.305601  -0.490123  -0.00925016  -0.00787722  -0.00787722  -0.00787722  -0.00698182  -0.00415495  -0.00415495  -0.00925016  
-0.00925016  0.240232  -0.0488855  -0.00925016  -0.00925016  -0.0072563  -0.00592174  -0.00925016  -0.00537223  0.0196134  
-0.00486167  -0.00415495  -0.00415495  -0.000624112  -0.00871911  -0.00415495  -0.00415495  0.0169192  -0.00415495  0.0142251  
0  

0.694399  0.490123  0.00925016  0.00787722  0.00787722  0.00787722  0.00698182  0.00415495  0.00415495  0.00925016  
0.00925016  -0.240232  0.0488855  0.00925016  0.00925016  0.0072563  0.00592174  0.00925016  0.00537223  -0.0196134  
0.00486167  0.00415495  0.00415495  0.000624112  0.00871911  0.00415495  0.00415495  -0.0169192  0.00415495  -0.0142251  
0  

0.305601  0.509877  -0.00925016  -0.00787722  -0.00787722  -0.00787722  -0.00698182  -0.00415495  -0.00415495  -0.00925016  
-0.00925016  0.240232  -0.0488855  -0.00925016  -0.00925016  -0.0072563  -0.00592174  -0.00925016  -0.00537223  0.0196134  
-0.00486167  -0.00415495  -0.00415495  -0.000624112  -0.00871911  -0.00415495  -0.00415495  0.0169192  -0.00415495  0.0142251  
0  

0  8.67362e-017  0.5  0  0  0  1.73472e-016  0  1.73472e-016  -0.223757  
0.223757  8.67362e-017  8.67362e-017  -0.223757  0.223757  0  0  1.73472e-016  0  0  
0  0  8.67362e-017  0  0  0  8.67362e-017  0  0  0  
0  

0  8.67362e-017  0.5  0  0  0  1.73472e-016  0  1.73472e-016  0.223757  
-0.223757  8.67362e-017  8.67362e-017  0.223757  -0.223757  0  0  1.73472e-016  0  0  
0  0  8.67362e-017  0  0  0  8.67362e-017  0  0  0  
0  

0  0  0  1  0  0  0  0  0  0  
0  0  0  0  0  0  0  0  0  0  
0  0  0  0  0  0  0  0  0  0  
0  

0  0  0  0  1  0  0  0  0  0  
0  0  0  0  0  0  0  0  0  0  
0  0  0  0  0  0  0  0  0  0  
0  

0.0441498  0.0456421  0.0710713  0.442035  0.442035  0.442035  -0.316033  -0.103587  -0.103587  0.0710713  
0.0710713  0.0436722  0.0488655  0.0710713  0.0710713  -0.0455909  -0.236365  0.0710713  -0.0540763  0.0420605  
-0.156698  -0.103587  -0.103587  0.0614531  0.0692101  -0.103587  -0.103587  0.036283  -0.103587  0.0305054  
0  

-0.0441498  -0.0456421  -0.0710713  0.557965  0.557965  0.557965  0.316033  0.103587  0.103587  -0.0710713  
-0.0710713  -0.0436722  -0.0488655  -0.0710713  -0.0710713  0.0455909  0.236365  -0.0710713  0.0540763  -0.0420605  
0.156698  0.103587  0.103587  -0.0614531  -0.0692101  0.103587  0.103587  -0.036283  0.103587  -0.0305054  
0  

-0.00812018  -0.00839465  -0.0130717  0.235735  0.235735  0.235735  0.398  0.0746374  0.0746374  -0.0130717  
-0.0130717  -0.00803235  -0.00898752  -0.0130717  -0.0130717  -0.129456  0.276739  -0.0130717  -0.0568234  -0.00773592  
0.155478  0.0746374  0.0746374  -0.0113027  -0.0127294  0.0746374  0.0746374  -0.00667329  0.0746374  -0.00561067  
0  

0.05227  0.0540368  0.084143  0.2063  0.2063  0.2063  0.285967  -0.178224  -0.178224  0.084143  
0.084143  0.0517046  0.057853  0.084143  0.084143  0.0838653  -0.513105  0.084143  0.00274704  0.0497964  
-0.312176  -0.178224  -0.178224  0.0727557  0.0819395  -0.178224  -0.178224  0.0429563  -0.178224  0.0361161  
0  

0  0  0  0  0  0  0  1  3.46945e-016  0  
0  0  0  0  0  0  0  0  0  0  
0  0  0  0  0  0  0  0  0  0  
0  

0  0  0  0  0  0  0  0  1  -8.67362e-017  
-8.67362e-017  0  0  -8.67362e-017  -8.67362e-017  0  0  0  -1.73472e-016  -4.33681e-017  
0  -3.46945e-016  0  0  0  0  0  0  0  0  
0  

0  0  0  0  0  0  0  0  0  1  
0  2.47818e-016  2.47818e-016  0  0  0  0  0  0  0  
0  0  0  0  0  0  0  0  0  0  
0  

0  0  0  0  0  0  0  0  0  0  
1  2.47818e-016  2.47818e-016  0  0  0  0  0  0  0  
0  0  0  0  0  0  0  0  0  0  
0  

0.694399  0.490123  0.00925016  0.00787722  0.00787722  0.00787722  0.00698182  0.00415495  0.00415495  0.00925016  
0.00925016  0.759768  0.0488855  0.00925016  0.00925016  0.0072563  0.00592174  0.00925016  0.00537223  -0.0196134  
0.00486167  0.00415495  0.00415495  0.000624112  0.00871911  0.00415495  0.00415495  -0.0169192  0.00415495  -0.0142251  
0  

0.289447  0.322476  -0.114702  -0.0976775  -0.0976775  -0.0976775  -0.0865746  -0.0515213  -0.0515213  -0.114702  
-0.114702  0.278878  0.39382  -0.114702  -0.114702  -0.0899781  -0.0734296  -0.114702  -0.0666156  0.243206  
-0.0602847  -0.0515213  -0.0515213  -0.00773899  -0.108117  -0.0515213  -0.0515213  0.209798  -0.0515213  0.176391  
0  

0.0161535  0.187401  0.105452  0.0898003  0.0898003  0.0898003  0.0795928  0.0473664  0.0473664  0.105452  
0.105452  -0.0386455  0.557294  0.105452  0.105452  0.0827218  0.0675079  0.105452  0.0612434  -0.223592  
0.055423  0.0473664  0.0473664  0.00711488  0.0993978  0.0473664  0.0473664  -0.192879  0.0473664  -0.162166  
0  

-1.07082e-016  -2.14163e-016  0.5  0  0  0  -2.14163e-016  0  -2.14163e-016  0.776243  
0.223757  -1.07082e-016  -2.14163e-016  0.776243  0.223757  0  -1.07082e-016  -4.28327e-016  -1.07082e-016  0  
0  0  -1.07082e-016  -2.14163e-016  -4.28327e-016  0  -1.07082e-016  0  0  -1.07082e-016  
0  

-1.07082e-016  -2.14163e-016  0.5  0  0  0  -2.14163e-016  0  -2.14163e-016  0.223757  
0.776243  -1.07082e-016  -2.14163e-016  0.223757  0.776243  0  -1.07082e-016  -4.28327e-016  -1.07082e-016  0  
0  0  -1.07082e-016  -2.14163e-016  -4.28327e-016  0  -1.07082e-016  0  0  -1.07082e-016  
0  

-0.147469  -0.152453  -0.237392  0.0309313  0.0309313  0.0309313  0.205925  0.207035  0.207035  -0.237392  
-0.237392  -0.145874  -0.16322  -0.237392  -0.237392  0.496886  0.206341  -0.237392  0.347549  -0.14049  
0.206758  0.207035  0.207035  -0.205265  -0.231175  0.207035  0.207035  -0.121192  0.207035  -0.101894  
0  

0.139349  0.144059  0.22432  0.204804  0.204804  0.204804  0.192075  -0.132398  -0.132398  0.22432  
0.22432  0.137841  0.154233  0.22432  0.22432  0.373658  0.070398  0.22432  -0.404372  0.132754  
-0.0512795  -0.132398  -0.132398  0.193962  0.218446  -0.132398  -0.132398  0.114519  -0.132398  0.0962833  
0  

0.05227  0.0540368  0.084143  0.2063  0.2063  0.2063  0.285967  -0.178224  -0.178224  0.084143  
0.084143  0.0517046  0.057853  0.084143  0.084143  0.0838653  0.486895  0.084143  0.00274704  0.0497964  
-0.312176  -0.178224  -0.178224  0.0727557  0.0819395  -0.178224  -0.178224  0.0429563  -0.178224  0.0361161  
0  

0.0978285  0.124381  0.576835  0.491219  0.491219  0.491219  0.435383  0.2591  0.2591  0.576835  
0.576835  0.0893317  0.181734  0.576835  0.576835  0.452499  0.369277  0.576835  0.335009  0.0606551  
0.303171  0.2591  0.2591  -0.274457  -0.408502  0.2591  0.2591  0.0523233  0.2591  0.0439916  
0  

0.0400141  0.0413666  0.0644138  0.0138034  0.0138034  0.0138034  -0.0192034  -0.34093  -0.34093  0.0644138  
0.0644138  0.0395813  0.0442881  0.0644138  0.0644138  0.126864  -0.139851  0.0644138  0.247742  0.0381206  
-0.260498  -0.34093  -0.34093  0.0556965  0.0627269  -0.34093  -0.34093  0.0328842  -0.34093  0.0276479  
0  

0.0993344  0.102692  0.159906  0.191  0.191  0.191  0.211279  0.208532  0.208532  0.159906  
0.159906  0.09826  0.109945  0.159906  0.159906  0.246793  0.210249  0.159906  0.347886  0.0946337  
0.209219  0.208532  0.208532  0.138266  0.155719  0.208532  0.208532  0.0816346  0.208532  0.0686355  
0  

0.204066  0.187202  -0.10017  -0.0853028  -0.0853028  -0.0853028  -0.0756065  -0.0449941  -0.0449941  -0.10017  
-0.10017  0.209463  0.150774  -0.10017  -0.10017  -0.0785788  -0.0641269  -0.10017  -0.0581761  0.227677  
-0.0526472  -0.0449941  -0.0449941  -0.296204  -0.105756  -0.0449941  -0.0449941  0.196403  -0.0449941  0.165128  
0  

0.0844144  0.0817203  0.0358121  0.0304967  0.0304967  0.0304967  0.0270302  0.0160859  0.0160859  0.0358121  
0.0358121  0.0852766  0.0759009  0.0358121  0.0358121  0.0280928  0.0229261  0.0358121  0.0207986  0.0881862  
0.018822  0.0160859  0.0160859  0.0506571  0.0356454  0.0160859  0.0160859  -0.484367  0.0160859  -0.0569199  
0  

0.422072  0.408601  0.17906  0.152484  0.152484  0.152484  0.135151  0.0804296  0.0804296  0.17906  
0.17906  0.426383  0.379505  0.17906  0.17906  0.140464  0.11463  0.17906  0.103993  0.440931  
0.0941099  0.0804296  0.0804296  0.253285  0.178227  0.0804296  0.0804296  0.0781659  0.0804296  -0.284599  
0  

0.05227  0.0540368  0.084143  0.2063  0.2063  0.2063  0.285967  -0.178224  -0.178224  0.084143  
0.084143  0.0517046  0.057853  0.084143  0.084143  0.0838653  0.486895  0.084143  0.00274704  0.0497964  
0.687824  -0.178224  -0.178224  0.0727557  0.0819395  -0.178224  -0.178224  0.0429563  -0.178224  0.0361161  
0  

0  0  0  0  0  0  0  1  0  0  
0  0  0  0  0  0  0  0  0  0  
0  1  3.46945e-016  0  0  0  0  0  0  0  
0  

0  0  0  0  0  0  0  0  1  0  
0  0  0  0  0  0  0  0  0  0  
0  0  1  0  0  -3.46945e-016  0  0  0  0  
0  

0.204066  0.187202  -0.10017  -0.0853028  -0.0853028  -0.0853028  -0.0756065  -0.0449941  -0.0449941  -0.10017  
-0.10017  0.209463  0.150774  -0.10017  -0.10017  -0.0785788  -0.0641269  -0.10017  -0.0581761  0.227677  
-0.0526472  -0.0449941  -0.0449941  0.703796  -0.105756  -0.0449941  -0.0449941  0.196403  -0.0449941  0.165128  
0  

0.301895  0.311583  0.476665  0.405916  0.405916  0.405916  0.359776  0.214106  0.214106  0.476665  
0.476665  0.298795  0.332509  0.476665  0.476665  0.37392  0.30515  0.476665  0.276833  0.288332  
0.250524  0.214106  0.214106  0.429339  0.485742  0.214106  0.214106  0.248726  0.214106  0.20912  
0  

0  0  0  0  0  0  0  0  -1  3.46945e-017  
3.46945e-017  0  0  3.46945e-017  3.46945e-017  3.46945e-017  0  0  0  0  
0  0  -1  0  0  0  -1  0  0  0  
0  

0  0  0  0  0  0  0  0  -3.46945e-016  0  
0  0  0  0  0  8.67362e-017  -1.73472e-016  0  0  -4.33681e-017  
-1.73472e-016  0  -3.46945e-016  -8.67362e-017  0  0  0  0  -1  0  
0  

0.0922841  0.0954034  0.148557  0.220103  0.220103  0.220103  0.266764  0.480846  0.480846  0.148557  
0.148557  0.0912859  0.102141  0.148557  0.148557  0.21073  0.347045  0.148557  0.250489  0.087917  
0.427326  0.480846  0.480846  0.128452  0.144666  0.480846  0.480846  0.0758405  0.480846  0.063764  
0  

0.0844144  0.0817203  0.0358121  0.0304967  0.0304967  0.0304967  0.0270302  0.0160859  0.0160859  0.0358121  
0.0358121  0.0852766  0.0759009  0.0358121  0.0358121  0.0280928  0.0229261  0.0358121  0.0207986  0.0881862  
0.018822  0.0160859  0.0160859  0.0506571  0.0356454  0.0160859  0.0160859  0.515633  0.0160859  -0.0569199  
0  

0.506487  0.490322  0.214872  0.18298  0.18298  0.18298  0.162181  0.0965155  0.0965155  0.214872  
0.214872  0.511659  0.455406  0.214872  0.214872  0.168557  0.137557  0.214872  0.124792  0.529117  
0.112932  0.0965155  0.0965155  0.303942  0.213873  0.0965155  0.0965155  0.593799  0.0965155  0.658481  
0  
  ---------End----

thminPower
300 360 360 360 300 300 240 150 100 45 90 120 150 52 60 120 
thmaxPower
1300 1560 1560 1560 1800 1800 1040 650 600 195 390 720 900 227 260 720 
thminDown
6  6  6  6  6  6  6  4  4  1  1  4  4  1  1  4  
thminUp
5  5  5  5  5  5  5  3  3  1  1  3  3  1  1  3  
thcoldUpTime
9  9  9  9  9  9  9  8  8  3  3  6  6  3  3  4  
thfuelCostPieceNum
5 5 5 5 5 5 5 5 5 5 5 5 5 5 5 5 
thhotUpCost
825  650  950  960  900  750  950  550  550  30  12  625  550  30  12  440  
thcoldUpCost
2877 2110 3050 3160 3000 2850 3250 1920 1730 40 37 1805 2250 55 32 1640 
thdelta
1800 1200 1200 1200 1300 1200 700 500 500 150 300 600 750 175 200 600 
thfirstLast
0 0 0 0 0 0 0 0 0 0 0 0 0 0 0 0 
thmaxR
1000 1200 1200 1200 1500 1500 800 500 500 150 300 600 750 175 200 600 
tha
0.0015  0.0016  0.0016  0.0016  0.0013  0.0013  0.0015  0.0015  0.0015  0.0019  0.0018  0.0017  0.0015  0.0019  0.0018  0.0017  
thb
8.752  7.654  7.654  7.654  6.052  6.052  9.072  8.752  8.752  12.54  11.62  9.543  8.352  13  14.62  9.543  
thc
1013.71  1216.45  1216.45  1216.45  1403.6  1403.6  810.967  731.25  467.865  608.225  304.112  561.438  701.798  708.036  810.967  561.438  
thminFuelCost
3774.31 4179.25 4179.25 4179.25 3336.2 3336.2 3074.65 2077.8 1358.07 1176.37 1364.49 1731.08 1988.35 1389.17 1694.65 1731.08 
thmaxFuelCost
14926.3 17050.4 17050.4 17050.4 16509.2 16509.2 11868.2 7053.8 6259.07 3125.77 5109.69 8313.68 9433.6 3756.94 4733.85 8313.68 
thinitState
5	5	5	5	5	5	5	3	3	-1	-1	-4	-4	-1	-1	-4	
thinitPower
300 360 360 360 300 300 240 150 100 0 0 0 0 0 0 0 
**************ÁÅ´ÁîµÊú∫ÁªÑÂàÜÊÆµÁ∫øÊÄßÊï∞Êç?**********
thminFuelPieceCost
3774.31  5764.71  7875.11  10105.5  12455.9  
4179.25  6384.85  8774.77  11349  14107.6  
4179.25  6384.85  8774.77  11349  14107.6  
4179.25  6384.85  8774.77  11349  14107.6  
3336.2  5502.8  7903.4  10538  13406.6  
3336.2  5502.8  7903.4  10538  13406.6  
3074.65  4679.77  6361.69  8120.41  9955.93  
2077.8  3013  3978.2  4973.4  5998.6  
1358.07  2278.27  3228.47  4208.67  5218.87  
1176.37  1559.41  1945.87  2335.75  2729.05  
1364.49  2087.61  2823.69  3572.73  4334.73  
1731.08  2949.68  4217.24  5533.76  6899.24  
1988.35  3342.4  4763.95  6253  7809.55  
1389.17  1853.42  2322.32  2795.87  3274.08  
1694.65  2290.97  2893.05  3500.89  4114.49  
1731.08  2949.68  4217.24  5533.76  6899.24  

thmaxFuelPieceCost
5764.71  7875.11  10105.5  12455.9  14926.3  
6384.85  8774.77  11349  14107.6  17050.4  
6384.85  8774.77  11349  14107.6  17050.4  
6384.85  8774.77  11349  14107.6  17050.4  
5502.8  7903.4  10538  13406.6  16509.2  
5502.8  7903.4  10538  13406.6  16509.2  
4679.77  6361.69  8120.41  9955.93  11868.2  
3013  3978.2  4973.4  5998.6  7053.8  
2278.27  3228.47  4208.67  5218.87  6259.07  
1559.41  1945.87  2335.75  2729.05  3125.77  
2087.61  2823.69  3572.73  4334.73  5109.69  
2949.68  4217.24  5533.76  6899.24  8313.68  
3342.4  4763.95  6253  7809.55  9433.6  
1853.42  2322.32  2795.87  3274.08  3756.94  
2290.97  2893.05  3500.89  4114.49  4733.85  
2949.68  4217.24  5533.76  6899.24  8313.68  

thminPiecePower
300  500  700  900  1100  
360  600  840  1080  1320  
360  600  840  1080  1320  
360  600  840  1080  1320  
300  600  900  1200  1500  
300  600  900  1200  1500  
240  400  560  720  880  
150  250  350  450  550  
100  200  300  400  500  
45  75  105  135  165  
90  150  210  270  330  
120  240  360  480  600  
150  300  450  600  750  
52  87  122  157  192  
60  100  140  180  220  
120  240  360  480  600  

thmaxPiecePower
500  700  900  1100  1300  
600  840  1080  1320  1560  
600  840  1080  1320  1560  
600  840  1080  1320  1560  
600  900  1200  1500  1800  
600  900  1200  1500  1800  
400  560  720  880  1040  
250  350  450  550  650  
200  300  400  500  600  
75  105  135  165  195  
150  210  270  330  390  
240  360  480  600  720  
300  450  600  750  900  
87  122  157  192  227  
100  140  180  220  260  
240  360  480  600  720  

thfuelCostPieceSlope
9.952  10.552  11.152  11.752  12.352  
9.19  9.958  10.726  11.494  12.262  
9.19  9.958  10.726  11.494  12.262  
9.19  9.958  10.726  11.494  12.262  
7.222  8.002  8.782  9.562  10.342  
7.222  8.002  8.782  9.562  10.342  
10.032  10.512  10.992  11.472  11.952  
9.352  9.652  9.952  10.252  10.552  
9.202  9.502  9.802  10.102  10.402  
12.768  12.882  12.996  13.11  13.224  
12.052  12.268  12.484  12.7  12.916  
10.155  10.563  10.971  11.379  11.787  
9.027  9.477  9.927  10.377  10.827  
13.2641  13.3971  13.5301  13.6631  13.7961  
14.908  15.052  15.196  15.34  15.484  
10.155  10.563  10.971  11.379  11.787  
