Result
Solution status	Optimal
Solution value	255619
Solution time	14.5393
EpGap	0.001
allFuelCost	255619
state
0	1	1	1	0	0	0	0	0	0	0	0	0	0	0	0	1	1	1	1	1	1	1	0	0	0	0	0	0	0	0	0	0	0	0	1	0	1	0	0	0	0	0	0	0	0	0	0	0	0	0	0	0	0	0	0	0	0	0	0	0	0	0	0	
1	1	0	0	1	1	0	0	0	0	0	0	0	0	0	0	1	1	1	1	1	1	0	0	0	0	0	0	0	0	0	0	1	0	0	0	0	1	0	0	0	0	0	0	0	0	0	1	1	0	0	0	0	0	0	0	0	0	0	0	0	0	0	0	
0	1	1	1	0	1	0	0	0	0	0	0	0	0	0	0	1	0	1	1	1	1	0	0	0	0	0	0	0	0	0	0	0	0	0	0	1	0	0	0	0	0	0	1	0	0	0	0	0	0	0	0	0	1	0	0	0	0	0	0	0	0	0	1	
1	0	1	0	1	0	0	0	0	0	0	0	0	0	0	0	0	1	1	1	1	1	0	0	0	0	0	0	0	0	0	0	0	0	0	0	1	1	0	0	0	0	0	1	0	0	0	0	0	0	0	0	0	0	0	0	0	0	0	0	0	0	0	0	
1	0	0	1	1	0	0	0	0	0	0	1	0	0	0	0	0	1	1	1	1	0	1	0	0	0	0	1	0	0	0	0	0	1	1	0	1	0	0	0	0	0	0	1	0	0	0	1	0	0	0	1	0	1	1	0	0	0	0	0	0	0	0	1	
0	1	1	1	1	1	0	0	0	0	0	0	0	0	0	0	1	1	1	1	1	1	0	0	0	0	0	0	1	0	0	0	1	0	1	0	0	0	0	0	0	0	0	0	1	0	0	0	0	1	0	1	1	1	0	0	0	0	0	0	0	0	0	0	
1	1	1	1	1	1	1	0	1	0	0	1	1	0	0	1	1	1	1	1	1	1	1	0	1	0	1	1	1	0	0	1	1	1	1	1	1	1	1	0	0	0	0	1	1	0	0	1	1	1	1	1	1	1	1	0	0	0	0	1	1	0	0	1	
1	1	1	1	1	1	1	0	1	0	0	1	1	0	0	1	1	1	1	1	1	1	1	0	1	0	1	1	1	0	0	1	1	1	1	1	1	1	1	0	0	0	0	1	1	0	0	1	1	1	1	1	1	1	1	0	0	0	0	1	1	0	0	1	
1	1	1	1	1	1	1	0	1	0	0	1	1	0	0	1	1	1	1	1	1	1	1	0	1	0	1	1	1	0	0	1	1	1	1	1	1	1	1	0	0	0	0	1	1	0	0	1	1	1	1	1	1	1	1	0	0	0	0	1	1	0	0	1	
1	1	1	1	1	1	1	0	1	0	0	1	1	0	0	1	1	1	1	1	1	1	1	0	1	0	1	1	1	0	0	1	1	1	1	1	1	1	1	0	0	0	0	1	1	0	0	1	1	1	1	1	1	1	1	0	0	0	0	1	1	0	0	1	
1	1	1	1	1	1	1	0	1	0	0	1	1	0	0	1	1	1	1	1	1	1	1	0	1	0	1	1	1	0	0	1	1	1	1	1	1	1	1	0	0	0	0	1	1	0	0	1	1	1	1	1	1	1	1	0	0	0	0	1	1	0	0	1	
1	1	1	1	1	1	1	0	1	0	0	1	1	0	0	1	1	1	1	1	1	1	1	0	1	0	1	1	1	0	0	1	1	1	1	1	1	1	1	0	0	0	0	1	1	0	0	1	1	1	1	1	1	1	1	0	0	0	0	1	1	0	0	1	
1	1	1	1	1	1	1	0	1	0	0	1	1	0	0	1	1	1	1	1	1	1	1	0	1	0	1	1	1	0	0	1	1	1	1	1	1	1	1	0	0	0	0	1	1	0	0	1	1	1	1	1	1	1	1	0	0	0	0	1	1	0	0	1	
1	1	1	1	1	1	1	0	1	0	0	1	1	0	0	1	1	1	1	1	1	1	1	0	1	0	1	1	1	0	0	1	1	1	1	1	1	1	1	0	0	0	0	1	1	0	0	1	1	1	1	1	1	1	1	0	0	0	0	1	1	0	0	1	
1	1	1	1	1	1	1	0	1	0	0	1	1	0	0	1	1	1	1	1	1	1	1	0	1	0	1	1	1	0	0	1	1	1	1	1	1	1	1	0	0	0	0	1	1	0	0	1	1	1	1	1	1	1	1	0	0	0	0	1	1	0	0	1	
1	1	1	1	1	1	1	0	1	0	0	1	1	0	0	1	1	1	1	1	1	1	1	0	1	0	1	1	1	0	0	1	1	1	1	1	1	1	1	0	0	0	0	1	1	0	0	1	1	1	1	1	1	1	1	0	0	0	0	1	1	0	0	1	
1	1	1	1	1	1	1	0	1	0	0	1	1	0	0	1	1	1	1	1	1	1	1	0	1	0	1	1	1	0	0	1	1	1	1	1	1	1	1	0	0	0	0	1	1	0	0	1	1	1	1	1	1	1	1	0	0	0	0	1	1	0	0	1	
1	1	1	1	1	1	1	0	1	0	0	1	1	0	0	1	1	1	1	1	1	1	1	0	1	0	1	1	1	0	0	1	1	1	1	1	1	1	1	0	0	0	0	1	1	0	0	1	1	1	1	1	1	1	1	0	0	0	0	1	1	0	0	1	
1	1	1	1	1	1	1	0	1	0	0	1	1	0	0	1	1	1	1	1	1	1	1	0	1	0	1	1	1	0	0	1	1	1	1	1	1	1	1	0	0	0	0	1	1	0	0	1	1	1	1	1	1	1	1	0	0	0	0	1	1	0	0	1	
1	1	1	1	1	1	1	0	1	0	0	1	1	0	0	1	1	1	1	1	1	1	1	0	1	0	1	1	1	0	0	1	1	1	1	1	1	1	1	0	0	0	0	1	1	0	0	1	1	1	1	1	1	1	1	0	0	0	0	1	1	0	0	1	
1	1	1	1	1	1	1	0	1	0	0	1	1	0	0	1	1	1	1	1	1	1	1	0	1	0	1	1	1	0	0	1	1	1	1	1	1	1	1	0	0	0	0	1	1	0	0	1	1	1	1	1	1	1	1	0	0	0	0	1	1	0	0	1	
1	1	1	1	1	1	1	0	0	0	0	1	0	0	0	1	1	1	1	1	1	1	1	0	0	0	1	1	1	0	0	1	0	1	0	1	0	1	1	0	0	0	0	1	1	0	0	1	1	1	1	1	0	0	1	0	0	0	0	1	0	0	0	1	
1	1	1	1	1	1	0	0	0	0	0	0	0	0	0	0	0	1	1	1	1	1	0	0	0	0	0	0	0	0	0	0	0	0	1	0	1	0	0	0	0	0	0	1	0	0	0	1	0	0	0	0	1	1	0	0	0	0	0	0	0	0	0	0	
0	1	0	1	1	1	0	0	1	0	0	0	0	0	0	1	1	0	1	1	1	1	0	0	0	0	0	0	1	0	0	0	0	0	0	1	0	1	0	0	0	0	0	1	0	0	0	0	0	1	0	0	1	0	0	0	0	0	0	0	0	0	0	0	
