System data
cycle	24
thUnitNum	64
outputNum	22
lineNum	156
busNum	124
demandNum	44
rigionNum	4

Net data

unit location
1	3	3	3	4	5	7	8	9	25	26	29	30	31	31	31	32	34	34	34	35	36	38	39	40	56	57	60	61	62	62	62	63	65	65	65	66	67	69	70	71	87	88	91	92	93	93	93	94	96	96	96	97	98	100	101	102	118	119	122	123	124	124	124	
demand location
10	11	18	19	20	25	26	27	28	30	31	41	42	49	50	51	56	57	58	59	61	62	72	73	80	81	82	87	88	89	90	92	93	103	104	111	112	113	118	119	120	121	123	124	
output location
1	3	26	27	31	34	39	55	56	65	68	77	80	88	91	92	95	96	111	112	114	121	
System Demand
3853	3759	3383	3196	3853	5264	7406	9023	10714	11843	12406	12782	12312	11090	10150	9587	10244	12030	12406	10902	7990	6203	4888	4323	3853.08	3759.14	3383.38	3195.5	3853.08	5263.72	7405.86	9022.86	10713.8	11842.6	12406.2	12782	12312.3	11089.5	10150.1	9586.5	10244.1	12030.5	12406.2	10901.7	7989.52	6203.12	4887.96	4322.78	7171.98	6997.13	6297.7	5947.99	7171.98	9797.7	10603.9	10048.2	11931.3	13188.4	13816	14234.5	13711.4	12349.7	11303.6	10675.9	11408.2	13397.6	13816	10603.9	11439.5	10646.3	9098.27	8046.27	6968.87	6774.59	6997.45	6608.88	7968.87	8886.33	10782	12782	13782	13482	13782	13282	11782	10782	11582	12782	13782	13982	13082	12782	12010.6	11829.2	10109.2	8940.3	
System Reserve
385.308	375.914	338.338	319.55	385.308	526.372	740.586	902.286	1071.38	1184.26	1240.62	1278.2	1231.23	1108.95	1015.01	958.65	1024.41	1203.05	1240.62	1090.17	798.952	620.312	488.796	432.278	
770.62	751.83	676.68	639.1	770.62	1052.74	1481.17	1804.57	2142.76	2368.52	2481.25	2556.4	2462.46	2217.91	2030.03	1917.3	2048.82	2406.1	2481.25	2180.33	1597.9	1240.62	977.59	864.56	
1075.8	1049.57	944.66	892.2	1075.8	1469.65	1590.58	1507.23	1789.69	1978.25	2072.41	2135.18	2056.71	1852.46	1695.53	1601.38	1711.23	2009.64	2072.41	1590.58	1715.93	1596.94	1364.74	1206.94	
612.99	598.05	538.27	508.38	612.99	837.41	1178.21	1435.46	1204.47	1084.05	1073.72	1233.5	1058.78	1064.25	1614.8	1525.13	1629.74	1913.94	1973.72	1734.36	1271.06	986.86	777.63	687.72	

Proportion of Demand
0.024	0.024	0.361	0.036	0.012	0.024	0.265	0.062	0.024	0.048	0.12	
0.024	0.024	0.361	0.036	0.012	0.024	0.265	0.062	0.024	0.048	0.12	
0.024	0.024	0.361	0.036	0.012	0.024	0.265	0.062	0.024	0.048	0.12	
0.024	0.024	0.361	0.036	0.012	0.024	0.265	0.062	0.024	0.048	0.12	

Line Capacity
1000	1000	1000	2000	2000	1500	1500	1200	2400	1200	1200	1000	1000	1000	1000	2000	1000	1000	1780	1780	1200	800	1200	2500	500	200	1000	1000	1000	900	1250	1250	1000	500	1200	800	600	1000	700	
1000	1000	1000	2000	2000	1500	1500	1200	2400	1200	1200	1000	1000	1000	1000	2000	1000	1000	1780	1780	1200	800	1200	2500	500	200	1000	1000	1000	900	1250	1250	1000	500	1200	800	600	1000	700	
1000	1000	1000	2000	2000	1500	1500	1200	2400	1200	1200	1000	1000	1000	1000	2000	1000	1000	1780	1780	1200	1000	1200	2500	1500	1200	1000	1000	1000	900	1250	1250	1000	1200	1200	800	1200	1000	1200	
1000	1000	1000	2000	2000	1500	1500	1200	2400	1200	1200	1000	1000	1000	1000	2000	1000	1000	1780	1780	1200	1000	1200	2500	1500	1200	1000	1000	1000	900	1250	1250	1000	1200	1200	800	1200	1000	1200	

Thermal Unit data

thminPower
300	360	360	360	300	300	240	150	100	45	90	120	150	52	60	120	300	360	360	360	300	300	240	150	100	45	90	120	150	52	60	120	300	360	360	360	300	300	240	150	100	45	90	120	150	52	60	120	300	360	360	360	300	300	240	150	100	45	90	120	150	52	60	120	
thmaxPower
1300	1560	1560	1560	1800	1800	1040	650	600	195	390	720	900	227	260	720	1430	1716	1716	1716	1980	1980	1144	715	660	214.5	429	792	990	249.7	286	792	2430	2716	2716	2716	1980	1980	1144	715	660	1214.5	429	792	990	1249.7	1286	792	2430	2716	2716	2716	1980	1980	1144	715	660	1214.5	429	792	990	1249.7	886	792	
thminDown
6	6	6	6	6	6	6	4	4	1	1	4	4	1	1	4	6	6	6	6	6	6	6	4	4	1	1	4	4	1	1	4	6	6	6	6	6	6	6	4	4	1	1	4	4	1	1	4	6	6	6	6	6	6	6	4	4	1	1	4	4	1	1	4	
thminUp
5	5	5	5	5	5	5	3	3	1	1	3	3	1	1	3	5	5	5	5	5	5	5	3	3	1	1	3	3	1	1	3	5	5	5	5	5	5	5	3	3	1	1	3	3	1	1	3	5	5	5	5	5	5	5	3	3	1	1	3	3	1	1	3	
thcoldUpTime
9	9	9	9	9	9	9	8	8	3	3	6	6	3	3	4	9	9	9	9	9	9	9	8	8	3	3	6	6	3	3	4	9	9	9	9	9	9	9	8	8	3	3	6	6	3	3	4	9	9	9	9	9	9	9	8	8	3	3	6	6	3	3	4	
thfuelCostPieceNum
5	5	5	5	5	5	5	5	5	5	5	5	5	5	5	5	5	5	5	5	5	5	5	5	5	5	5	5	5	5	5	5	5	5	5	5	5	5	5	5	5	5	5	5	5	5	5	5	5	5	5	5	5	5	5	5	5	5	5	5	5	5	5	5	
thhotUpCost
825	650	950	960	900	750	950	550	550	30	12	625	550	30	12	440	825	650	950	960	900	750	950	550	550	30	12	625	550	30	12	440	825	650	950	960	900	750	950	550	550	30	12	625	550	30	12	440	825	650	950	960	900	750	950	550	550	30	12	625	550	30	12	440	
thcoldUpCost
2877	2110	3050	3160	3000	2850	3250	1920	1730	40	37	1805	2250	55	32	1640	2877	2110	3050	3160	3000	2850	3250	1920	1730	40	37	1805	2250	55	32	1640	2877	2110	3050	3160	3000	2850	3250	1920	1730	40	37	1805	2250	55	32	1640	2877	2110	3050	3160	3000	2850	3250	1920	1730	40	37	1805	2250	55	32	1640	
thdelta
500	600	600	600	700	700	400	200	200	50	100	250	350	125	90	150	500	600	600	600	700	700	400	200	200	50	100	250	350	125	90	150	850.5	950.6	950.6	950.6	693	693	400.4	250.25	231	425.075	150.15	277.2	346.5	437.395	450.1	277.2	1215	1358	1358	1358	990	990	572	357.5	330	607.25	214.5	396	495	624.85	443	396	
thmaxR
250	300	300	300	375	375	200	125	125	35	75	150	175	45	50	125	250	300	300	300	375	375	200	125	125	35	75	150	175	45	50	125	250	300	300	300	375	375	200	125	125	35	75	150	175	45	50	125	250	300	300	300	375	375	200	125	125	35	75	150	175	45	50	125	
tha
0.0015	0.0016	0.0016	0.0016	0.0013	0.0013	0.0015	0.0015	0.0015	0.0019	0.0018	0.0017	0.0015	0.0019	0.0018	0.0017	0.0015	0.0016	0.0016	0.0016	0.0013	0.0013	0.0015	0.0015	0.0015	0.0019	0.0018	0.0017	0.0015	0.0019	0.0018	0.0017	0.00195	0.00208	0.00208	0.00208	0.00169	0.00169	0.00195	0.00195	0.00195	0.00247	0.00234	0.00221	0.00195	0.00247	0.00234	0.00221	0.00195	0.00208	0.00208	0.00208	0.00169	0.00169	0.00195	0.00195	0.00195	0.00247	0.00234	0.00221	0.00195	0.00247	0.00234	0.00221	
thb
8.752	7.654	7.654	7.654	6.052	6.052	9.072	8.752	8.752	12.54	11.62	9.543	8.352	13	14.62	9.543	8.752	7.654	7.654	7.654	6.052	6.052	9.072	8.752	8.752	12.54	11.62	9.543	8.352	13	14.62	9.543	11.3776	9.9502	9.9502	9.9502	7.8676	7.8676	11.7936	11.3776	11.3776	16.302	15.106	12.4059	10.8576	16.9	19.006	12.4059	11.3776	9.9502	9.9502	9.9502	7.8676	7.8676	11.7936	11.3776	11.3776	16.302	15.106	12.4059	10.8576	16.9	19.006	12.4059	
thc
1013.71	1216.45	1216.45	1216.45	1403.6	1403.6	810.967	731.25	467.865	608.225	304.112	561.438	701.798	708.036	810.967	561.438	1013.71	1216.45	1216.45	1216.45	1403.6	1403.6	810.967	731.25	467.865	608.225	304.112	561.438	701.798	708.036	810.967	561.438	1317.82	1581.38	1581.38	1581.38	1824.67	1824.67	1054.26	950.625	608.225	790.692	395.346	729.87	912.337	920.447	1054.26	729.87	1317.82	1581.38	1581.38	1581.38	1824.67	1824.67	1054.26	950.625	608.225	790.692	395.346	729.87	912.337	920.447	1054.26	729.87	
thminFuelCost
3774.31	4179.25	4179.25	4179.25	3336.2	3336.2	3074.65	2077.8	1358.07	1176.37	1364.49	1731.08	1988.35	1389.17	1694.65	1731.08	3774.31	4179.25	4179.25	4179.25	3336.2	3336.2	3074.65	2077.8	1358.07	1176.37	1364.49	1731.08	1988.35	1389.17	1694.65	1731.08	4906.6	5433.02	5433.02	5433.02	4337.05	4337.05	3997.04	2701.14	1765.48	1529.28	1773.84	2250.4	2584.85	1805.93	2203.04	2250.4	4906.6	5433.02	5433.02	5433.02	4337.05	4337.05	3997.04	2701.14	1765.48	1529.28	1773.84	2250.4	2584.85	1805.93	2203.04	2250.4	
thmaxFuelCost
14926.3	17050.4	17050.4	17050.4	16509.2	16509.2	11868.2	7053.8	6259.07	3125.77	5109.69	8313.68	9433.6	3756.94	4733.85	8313.68	16596.4	19062.2	19062.2	19062.2	18483.1	18483.1	13152.4	7755.77	6897.59	3385.47	5620.37	9185.84	10440.4	4072.6	5139.52	9185.84	40479.9	43949.6	43949.6	43949.6	24028	24028	17098.2	10082.5	8966.86	24232.7	7306.48	11941.6	13572.6	25897.9	29365.9	11941.6	40479.9	43949.6	43949.6	43949.6	24028	24028	17098.2	10082.5	8966.86	24232.7	7306.48	11941.6	13572.6	25897.9	19730.5	11941.6	
thinitState
1	1	1	1	1	1	1	3	3	1	1	4	4	1	1	4	1	1	1	1	1	1	1	3	3	1	1	4	4	1	1	4	1	1	1	1	1	1	1	3	3	1	1	1	1	1	1	1	1	1	1	1	1	1	1	3	3	1	1	1	1	1	1	1	
thinitPower
1200	1360	1360	1260	1500	1500	840	550	400	145	290	620	750	152	160	620	1200	1360	1360	1260	1500	1500	840	550	400	145	290	620	750	152	160	620	300	360	360	360	300	300	240	150	100	45	90	120	150	52	60	120	300	360	360	360	300	300	240	150	100	45	90	120	150	52	60	120	
Maximum output of system 
1200	1200	1200	1200	1200	1200	1200	1200	1200	1200	1200	1200	1200	1200	1200	1200	1200	1200	1200	1200	1200	1200	1200	1200	
1200	1200	1200	1200	1200	1200	1200	1200	1200	1200	1200	1200	1200	1200	1200	1200	1200	1200	1200	1200	1200	1200	1200	1200	
1200	1200	1200	1200	1200	1200	1200	1200	1200	1200	1200	1200	1200	1200	1200	1200	1200	1200	1200	1200	1200	1200	1200	1200	
1200	1200	1200	1200	1200	1200	1200	1200	1200	1200	1200	1200	1200	1200	1200	1200	1200	1200	1200	1200	1200	1200	1200	1200	
1200	1200	1200	1200	1200	1200	1200	1200	1200	1200	1200	1200	1200	1200	1200	1200	1200	1200	1200	1200	1200	1200	1200	1200	
1200	1200	1200	1200	1200	1200	1200	1200	1200	1200	1200	1200	1200	1200	1200	1200	1200	1200	1200	1200	1200	1200	1200	1200	
1200	1200	1200	1200	1200	1200	1200	1200	1200	1200	1200	1200	1200	1200	1200	1200	1200	1200	1200	1200	1200	1200	1200	1200	
1200	1200	1200	1200	1200	1200	1200	1200	1200	1200	1200	1200	1200	1200	1200	1200	1200	1200	1200	1200	1200	1200	1200	1200	
1200	1200	1200	1200	1200	1200	1200	1200	1200	1200	1200	1200	1200	1200	1200	1200	1200	1200	1200	1200	1200	1200	1200	1200	
1200	1200	1200	1200	1200	1200	1200	1200	1200	1200	1200	1200	1200	1200	1200	1200	1200	1200	1200	1200	1200	1200	1200	1200	
1200	1200	1200	1200	1200	1200	1200	1200	1200	1200	1200	1200	1200	1200	1200	1200	1200	1200	1200	1200	1200	1200	1200	1200	
1200	1200	1200	1200	1200	1200	1200	1200	1200	1200	1200	1200	1200	1200	1200	1200	1200	1200	1200	1200	1200	1200	1200	1200	
1200	1200	1200	1200	1200	1200	1200	1200	1200	1200	1200	1200	1200	1200	1200	1200	1200	1200	1200	1200	1200	1200	1200	1200	
1200	1200	1200	1200	1200	1200	1200	1200	1200	1200	1200	1200	1200	1200	1200	1200	1200	1200	1200	1200	1200	1200	1200	1200	
1200	1200	1200	1200	1200	1200	1200	1200	1200	1200	1200	1200	1200	1200	1200	1200	1200	1200	1200	1200	1200	1200	1200	1200	
1200	1200	1200	1200	1200	1200	1200	1200	1200	1200	1200	1200	1200	1200	1200	1200	1200	1200	1200	1200	1200	1200	1200	1200	
1200	1200	1200	1200	1200	1200	1200	1200	1200	1200	1200	1200	1200	1200	1200	1200	1200	1200	1200	1200	1200	1200	1200	1200	
1200	1200	1200	1200	1200	1200	1200	1200	1200	1200	1200	1200	1200	1200	1200	1200	1200	1200	1200	1200	1200	1200	1200	1200	
1200	1200	1200	1200	1200	1200	1200	1200	1200	1200	1200	1200	1200	1200	1200	1200	1200	1200	1200	1200	1200	1200	1200	1200	
1200	1200	1200	1200	1200	1200	1200	1200	1200	1200	1200	1200	1200	1200	1200	1200	1200	1200	1200	1200	1200	1200	1200	1200	
1200	1200	1200	1200	1200	1200	1200	1200	1200	1200	1200	1200	1200	1200	1200	1200	1200	1200	1200	1200	1200	1200	1200	1200	
1200	1200	1200	1200	1200	1200	1200	1200	1200	1200	1200	1200	1200	1200	1200	1200	1200	1200	1200	1200	1200	1200	1200	1200	

Minimum output of system 
0	0	0	0	0	0	0	0	0	0	0	0	0	0	0	0	0	0	0	0	0	0	0	0	
0	0	0	0	0	0	0	0	0	0	0	0	0	0	0	0	0	0	0	0	0	0	0	0	
0	0	0	0	0	0	0	0	0	0	0	0	0	0	0	0	0	0	0	0	0	0	0	0	
0	0	0	0	0	0	0	0	0	0	0	0	0	0	0	0	0	0	0	0	0	0	0	0	
0	0	0	0	0	0	0	0	0	0	0	0	0	0	0	0	0	0	0	0	0	0	0	0	
0	0	0	0	0	0	0	0	0	0	0	0	0	0	0	0	0	0	0	0	0	0	0	0	
0	0	0	0	0	0	0	0	0	0	0	0	0	0	0	0	0	0	0	0	0	0	0	0	
0	0	0	0	0	0	0	0	0	0	0	0	0	0	0	0	0	0	0	0	0	0	0	0	
0	0	0	0	0	0	0	0	0	0	0	0	0	0	0	0	0	0	0	0	0	0	0	0	
0	0	0	0	0	0	0	0	0	0	0	0	0	0	0	0	0	0	0	0	0	0	0	0	
0	0	0	0	0	0	0	0	0	0	0	0	0	0	0	0	0	0	0	0	0	0	0	0	
0	0	0	0	0	0	0	0	0	0	0	0	0	0	0	0	0	0	0	0	0	0	0	0	
0	0	0	0	0	0	0	0	0	0	0	0	0	0	0	0	0	0	0	0	0	0	0	0	
0	0	0	0	0	0	0	0	0	0	0	0	0	0	0	0	0	0	0	0	0	0	0	0	
0	0	0	0	0	0	0	0	0	0	0	0	0	0	0	0	0	0	0	0	0	0	0	0	
0	0	0	0	0	0	0	0	0	0	0	0	0	0	0	0	0	0	0	0	0	0	0	0	
0	0	0	0	0	0	0	0	0	0	0	0	0	0	0	0	0	0	0	0	0	0	0	0	
0	0	0	0	0	0	0	0	0	0	0	0	0	0	0	0	0	0	0	0	0	0	0	0	
0	0	0	0	0	0	0	0	0	0	0	0	0	0	0	0	0	0	0	0	0	0	0	0	
0	0	0	0	0	0	0	0	0	0	0	0	0	0	0	0	0	0	0	0	0	0	0	0	
0	0	0	0	0	0	0	0	0	0	0	0	0	0	0	0	0	0	0	0	0	0	0	0	
0	0	0	0	0	0	0	0	0	0	0	0	0	0	0	0	0	0	0	0	0	0	0	0	

