output power
651.993	0	0	1044.88	2500	1101.7	0	0	0	1044.88	2500	0	0	0	0	610.717	0	1101.7	0	651.993	0	610.717	
650.901	0	0	0	2500	1239.95	0	0	0	0	2500	0	0	0	0	616.336	0	1239.95	0	650.901	0	616.336	
646.533	0	0	0	2500	1188.68	0	0	0	0	2500	0	0	0	0	638.812	0	1188.68	0	646.533	0	638.812	
640.854	0	760.68	0	2500	1248.51	0	0	0	0	2500	0	760.68	0	101.064	0	101.064	1248.51	0	640.854	0	0	
651.993	0	0	0	2500	1101.7	0	0	0	0	2500	0	0	0	0	610.717	0	1101.7	0	651.993	0	610.717	
603.3	446.805	0	0	2500	524.006	1.48112	0	176.374	0	2500	176.374	0	0	0	526.341	0	524.006	446.805	603.3	1.48112	526.341	
628.205	448.737	0	0	2472.02	1298.44	663.224	0	0	0	2472.02	0	0	0	0	398.21	0	1298.44	448.737	628.205	663.224	398.21	
666.183	800.929	1012.94	0	2500	1221.75	773.109	300.524	0	0	2500	0	1012.94	300.524	0	301.49	0	1221.75	800.929	666.183	773.109	301.49	
712.839	1423.21	774.372	0	2500	426.325	772.867	1030.3	620.167	0	2500	620.167	774.372	1030.3	0	200.349	0	426.325	1423.21	712.839	772.867	200.349	
682.17	2169.41	770.625	0	2500	0	649.174	1208.01	844.469	0	2500	844.469	770.625	1208.01	0	329.774	0	0	2169.41	682.17	649.174	329.774	
639.374	1656.94	657.69	0	2500	0	532.042	1179	876.496	0	2500	876.496	657.69	1179	0	296.061	0	0	1656.94	639.374	532.042	296.061	
610.843	1170.71	582.4	0	2500	409.502	454.574	1090.38	1030.32	0	2500	1030.32	582.4	1090.38	0	423.585	0	409.502	1170.71	610.843	454.574	423.585	
646.506	1695.48	0	0	2500	0	551.564	1200.77	887.503	0	2500	887.503	0	1200.77	0	301.68	0	0	1695.48	646.506	551.564	301.68	
519.159	1254.03	0	753.538	2500	0	364.478	1211.03	534.74	753.538	2500	534.74	0	1211.03	0	177.873	0	0	1254.03	519.159	364.478	177.873	
644.774	934.387	929.218	0	2500	429.905	668.277	756.962	254.354	0	2500	254.354	929.218	756.962	0	234.062	0	429.905	934.387	644.774	668.277	234.062	
681.317	489.62	0	814.05	2500	1039.47	772.898	478.597	0	814.05	2500	0	0	478.597	0	267.776	0	1039.47	489.62	681.317	772.898	267.776	
687.851	1078.08	0	787.576	2500	564.378	749.173	803.438	312.508	787.576	2500	312.508	0	803.438	0	228.443	0	564.378	1078.08	687.851	749.173	228.443	
658.954	2500	732.919	0	2500	0	592.23	1205.12	861.744	0	2500	861.744	732.919	1205.12	0	318.537	0	0	2500	658.954	592.23	318.537	
639.374	1905.58	0	700.528	2500	0	532.042	1185.8	1023.91	700.528	2500	1023.91	0	1185.8	0	296.061	0	0	1905.58	639.374	532.042	296.061	
566.207	933.233	804.307	0	2500	25.3158	469.088	1099.68	639.573	0	2500	639.573	804.307	1099.68	0	189.111	0	25.3158	933.233	566.207	469.088	189.111	
646.94	460.479	0	809.943	2500	1529.05	600.759	0	0	809.943	2500	0	0	0	0	363.299	0	1529.05	460.479	646.94	600.759	363.299	
614.221	202.529	384.822	0	2500	1108.75	291.678	0	703.4	0	2500	703.4	384.822	0	0	470.151	0	1108.75	202.529	614.221	291.678	470.151	
598.931	203.322	638.215	0	2500	631.303	0	0	0	0	2500	0	638.215	0	0	548.816	0	631.303	203.322	598.931	0	548.816	
0	2321.86	0	0	0	0	0	1297.17	1280.55	0	0	1280.55	0	1297.17	0	680.489	0	0	2321.86	0	0	680.489	

output up reserve
0	0	960.63	0	2500	2500	0	1631.04	2043.3	0	2500	2043.3	960.63	1631.04	1700	0	1700	2500	0	0	0	0	
2500	0	2500	0	2500	0	0	1313.94	2108.11	0	2500	2108.11	2500	1313.94	1700	0	1700	0	0	2500	0	0	
0	2005.37	2500	0	2500	0	0	1487.31	2006.38	0	2500	2006.38	2500	1487.31	1700	0	1700	0	2005.37	0	0	0	
0	0	2500	0	2500	0	1991.67	2347.37	764.712	0	2500	764.712	2500	2347.37	2500	0	2500	0	0	0	1991.67	0	
0	0	2500	0	2500	2500	0	1631.04	1794.06	0	2500	1794.06	2500	1631.04	1700	0	1700	2500	0	0	0	0	
0	0	2500	0	2500	0	2500	1942.38	1153.52	0	2500	1153.52	2500	1942.38	1700	0	1700	0	0	0	2500	0	
2500	0	2500	0	2500	0	0	706.022	2171.93	0	2500	2171.93	2500	706.022	1700	0	1700	0	0	2500	0	0	
0	0	2500	0	2500	0	2500	2500	280.45	0	2500	280.45	2500	2500	1700	0	1700	0	0	0	2500	0	
0	0	2500	0	2500	0	0	2500	0	0	2500	0	2500	2500	1901.08	2500	1901.08	0	0	0	0	2500	
0	0	2500	0	2500	2191.55	0	2500	586.175	0	2500	586.175	2500	2500	1831.77	0	1831.77	2191.55	0	0	0	0	
0	0	2500	0	2500	2500	0	2500	0	0	2500	0	2500	2500	1932.56	0	1932.56	2500	0	0	0	0	
0	0	1673.86	785.4	0	2500	0	2500	2500	785.4	0	2500	1673.86	2500	1793.24	0	1793.24	2500	0	0	0	0	
0	0	2500	0	2500	2495.47	0	2500	0	0	2500	0	2500	2500	1915.76	0	1915.76	2495.47	0	0	0	0	
0	0	821.599	0	2500	1932.69	0	2500	2500	0	2500	2500	821.599	2500	1968.27	0	1968.27	1932.69	0	0	0	0	
0	0	2500	0	2500	66.7582	0	2500	2500	0	2500	2500	2500	2500	1800.29	0	1800.29	66.7582	0	0	0	0	
0	0	1141.05	0	2206.47	2500	0	2500	2426.23	0	2206.47	2426.23	1141.05	2500	1700	0	1700	2500	0	0	0	0	
0	2500	1007.11	0	2500	0	0	2500	2500	0	2500	2500	1007.11	2500	1817.09	0	1817.09	0	2500	0	0	0	
0	0	2500	815.656	0	1737.31	0	2500	2500	815.656	0	2500	2500	2500	1865.37	0	1865.37	1737.31	0	0	0	0	
2500	0	616.841	0	2500	0	0	2500	1740.9	0	2500	1740.9	616.841	2500	1932.56	0	1932.56	0	0	2500	0	0	
0	0	0	0	2500	2500	0	2500	2500	0	2500	2500	0	2500	1934.67	0	1934.67	2500	0	0	0	0	
0	0	660.586	0	2500	0	0	2474.06	2362.26	0	2500	2362.26	660.586	2474.06	1700	2500	1700	0	0	0	0	2500	
0	0	2500	0	2500	0	2500	2229.84	896.56	0	2500	896.56	2500	2229.84	1700	0	1700	0	0	0	2500	0	
0	0	2500	0	2500	2500	0	1827.4	1256.3	0	2500	1256.3	2500	1827.4	1700	0	1700	2500	0	0	0	0	
0	2500	2367.5	0	2500	0	0	2500	0	0	2500	0	2367.5	2500	2302.29	0	2302.29	0	2500	0	0	0	

output down reserve
0	0	0	0	0	0	0	0	0	0	0	0	0	0	0	0	0	0	0	0	0	0	
0	0	0	0	0	0	0	0	0	0	0	0	0	0	0	0	0	0	0	0	0	0	
0	0	0	0	0	0	0	0	0	0	0	0	0	0	0	0	0	0	0	0	0	0	
0	0	0	0	0	0	0	0	0	0	0	0	0	0	0	0	0	0	0	0	0	0	
0	0	0	0	0	0	0	0	0	0	0	0	0	0	0	0	0	0	0	0	0	0	
0	0	0	0	0	0	0	0	0	0	0	0	0	0	0	0	0	0	0	0	0	0	
0	0	0	0	0	0	0	0	0	0	0	0	0	0	0	0	0	0	0	0	0	0	
0	0	0	0	0	0	0	0	0	0	0	0	0	0	0	0	0	0	0	0	0	0	
0	0	0	0	0	0	0	0	0	0	0	0	0	0	0	0	0	0	0	0	0	0	
0	0	0	0	0	0	0	0	0	0	0	0	0	0	0	0	0	0	0	0	0	0	
0	0	0	0	0	0	0	0	0	0	0	0	0	0	0	0	0	0	0	0	0	0	
0	0	0	0	0	0	0	0	0	0	0	0	0	0	0	0	0	0	0	0	0	0	
0	0	0	0	0	0	0	0	0	0	0	0	0	0	0	0	0	0	0	0	0	0	
0	0	0	0	0	0	0	0	0	0	0	0	0	0	0	0	0	0	0	0	0	0	
0	0	0	0	0	0	0	0	0	0	0	0	0	0	0	0	0	0	0	0	0	0	
0	0	0	0	0	0	0	0	0	0	0	0	0	0	0	0	0	0	0	0	0	0	
0	0	0	0	0	0	0	0	0	0	0	0	0	0	0	0	0	0	0	0	0	0	
0	0	0	0	0	0	0	0	0	0	0	0	0	0	0	0	0	0	0	0	0	0	
0	0	0	0	0	0	0	0	0	0	0	0	0	0	0	0	0	0	0	0	0	0	
0	0	0	0	0	0	0	0	0	0	0	0	0	0	0	0	0	0	0	0	0	0	
0	0	0	0	0	0	0	0	0	0	0	0	0	0	0	0	0	0	0	0	0	0	
0	0	0	0	0	0	0	0	0	0	0	0	0	0	0	0	0	0	0	0	0	0	
0	0	0	0	0	0	0	0	0	0	0	0	0	0	0	0	0	0	0	0	0	0	
0	0	0	0	0	0	0	0	0	0	0	0	0	0	0	0	0	0	0	0	0	0	
