
thermalState[i][t]
1	1	1	1	1	1	1	0	1	0	0	0	1	0	0	0	1	1	1	1	1	1	1	0	1	0	0	0	1	0	0	0	1	1	1	1	1	1	1	0	0	0	0	1	1	0	0	1	1	1	1	1	1	1	1	0	0	0	0	1	1	0	0	1	
1	1	1	1	1	1	1	0	1	0	0	0	1	0	0	0	1	1	1	1	1	1	1	0	1	0	0	0	1	0	0	0	1	1	1	1	1	1	1	0	0	0	0	1	1	0	0	1	1	1	1	1	1	1	1	0	0	0	0	1	1	0	0	1	
1	1	1	1	1	1	1	0	1	0	0	0	1	0	0	0	1	1	1	1	1	1	1	0	1	0	0	0	1	0	0	0	1	1	1	1	1	1	1	0	0	0	0	0	0	0	0	0	1	1	1	1	1	1	1	0	0	0	0	0	0	0	0	0	
1	1	1	1	1	1	1	0	1	0	0	0	1	0	0	0	1	1	1	1	1	1	1	0	1	0	0	0	1	0	0	0	1	1	1	1	1	1	1	0	0	0	0	0	0	0	0	0	1	1	1	1	1	1	1	0	0	0	0	0	0	0	0	0	
1	1	1	1	1	1	1	1	1	0	0	1	1	0	0	1	1	1	1	1	1	1	1	1	1	0	0	0	1	0	0	1	0	1	1	1	1	1	1	0	0	0	0	0	0	0	0	0	0	1	1	1	1	1	0	0	0	0	0	0	0	0	0	0	
1	1	1	1	1	1	1	1	1	0	0	1	1	0	0	1	1	1	1	1	1	1	1	1	1	0	0	0	1	0	0	1	0	1	1	1	1	1	1	0	0	0	0	0	0	0	0	0	0	1	1	1	1	1	0	0	0	0	0	0	0	0	0	0	
1	1	1	1	1	1	1	1	1	0	1	1	1	0	0	1	1	1	1	1	1	1	1	1	1	0	0	1	1	0	0	1	0	1	1	1	1	1	1	0	0	0	0	0	0	0	0	0	0	1	1	1	1	1	0	0	0	0	0	0	0	0	0	0	
1	1	1	1	1	1	1	1	1	0	1	1	1	0	0	1	1	1	1	1	1	1	1	1	1	0	1	1	1	0	0	1	0	1	1	1	1	1	1	0	1	0	0	0	1	0	0	0	0	1	1	1	1	1	0	0	0	0	0	0	1	0	0	0	
1	1	1	1	1	1	1	1	1	0	1	1	1	0	0	1	1	1	1	1	1	1	1	1	1	0	1	1	1	0	0	1	0	1	1	1	1	1	1	1	1	0	0	1	1	0	0	1	0	1	1	1	1	1	0	1	1	0	0	1	1	0	0	1	
1	1	1	1	1	1	1	1	1	0	1	1	1	0	0	1	1	1	1	1	1	1	1	1	1	0	1	1	1	0	0	1	0	1	1	1	1	1	1	1	1	0	0	1	1	0	0	1	0	1	1	1	1	1	0	1	1	0	0	1	1	0	0	1	
1	1	1	1	1	1	1	1	1	0	1	1	1	0	0	1	1	1	1	1	1	1	1	1	1	0	1	1	1	0	0	1	1	1	1	1	1	1	1	1	1	0	0	1	1	0	0	1	1	1	1	1	1	1	1	1	1	0	0	1	1	0	0	1	
1	1	1	1	1	1	1	1	1	0	1	1	1	0	0	1	1	1	1	1	1	1	1	1	1	0	1	1	1	0	0	1	1	1	1	1	1	1	1	1	1	0	0	1	1	0	0	1	1	1	1	1	1	1	1	1	1	0	0	1	1	0	0	1	
1	1	1	1	1	1	1	1	1	0	1	1	1	0	0	1	1	1	1	1	1	1	1	1	1	0	1	1	1	0	0	1	1	1	1	1	1	1	1	1	1	0	0	1	1	0	0	1	1	1	1	1	1	1	1	1	1	0	0	1	1	0	0	1	
1	1	1	1	1	1	1	1	1	0	1	1	1	0	0	1	1	1	1	1	1	1	1	1	1	0	1	1	1	0	0	1	1	1	1	1	1	1	1	1	1	0	0	0	1	0	0	0	1	1	1	1	1	1	1	0	1	0	0	0	1	0	0	0	
1	1	1	1	1	1	1	1	1	0	1	1	1	0	0	1	1	1	1	1	1	1	1	1	1	0	1	1	1	0	0	1	1	1	1	1	1	1	1	1	1	0	0	0	1	0	0	0	1	1	1	1	1	1	1	0	1	0	0	0	1	0	0	0	
1	1	1	1	1	1	1	1	1	0	1	1	1	0	0	1	1	1	1	1	1	1	1	1	1	0	1	1	1	0	0	1	1	1	1	1	1	1	1	1	1	0	0	0	1	0	0	0	1	1	1	1	1	1	1	0	1	0	0	0	1	0	0	0	
1	1	1	1	1	1	1	1	1	0	1	1	1	0	0	1	1	1	1	1	1	1	1	1	1	0	1	1	1	0	0	1	1	1	1	1	1	1	1	1	1	0	0	0	1	0	0	0	1	1	1	1	1	1	1	0	1	0	0	0	1	0	0	0	
1	1	1	1	1	1	1	1	1	0	1	1	1	0	0	1	1	1	1	1	1	1	1	1	1	0	1	1	1	0	0	1	1	1	1	1	1	1	1	1	1	0	0	1	1	0	0	1	1	1	1	1	1	1	1	1	1	0	0	1	1	0	0	1	
1	1	1	1	1	1	1	1	1	0	1	1	1	0	0	1	1	1	1	1	1	1	1	1	1	0	1	1	1	0	0	1	1	1	1	1	1	1	1	1	1	0	0	1	1	0	0	1	1	1	1	1	1	1	1	1	1	0	0	1	1	0	0	1	
1	1	1	1	1	1	1	1	1	0	1	1	1	0	0	1	1	1	1	1	1	1	1	1	1	0	1	1	1	0	0	1	0	1	1	1	1	1	1	1	1	0	0	1	1	0	0	1	0	1	1	1	1	1	0	1	1	0	0	1	1	0	0	1	
1	1	1	1	1	1	1	1	1	0	1	1	1	0	0	1	1	1	1	1	1	1	1	1	1	0	1	1	1	0	0	1	0	0	1	1	1	1	0	0	1	0	0	0	1	0	0	0	0	1	1	1	1	1	0	0	1	0	0	0	1	0	0	0	
1	1	1	1	1	1	1	1	1	0	0	1	1	0	0	1	1	1	1	1	1	1	1	1	1	0	0	1	1	0	0	1	0	0	1	1	1	1	0	0	1	0	0	0	1	0	0	0	0	0	1	1	1	1	0	0	1	0	0	0	1	0	0	0	
1	1	1	1	1	1	1	1	1	0	0	1	1	0	0	1	0	1	1	1	1	1	0	1	1	0	0	0	1	0	0	1	0	0	0	1	1	1	0	0	0	0	0	0	1	0	0	0	0	0	1	0	1	1	0	0	0	0	0	0	0	0	0	0	
1	1	1	1	1	1	0	1	1	0	0	0	1	0	0	1	0	1	1	1	1	1	0	1	1	0	0	0	1	0	0	1	0	0	0	0	1	1	0	0	0	0	0	0	1	0	0	0	0	0	0	0	1	1	0	0	0	0	0	0	0	0	0	0	

thermalPower
500	840	840	840	1500	1500	400	0	500	0	0	0	600	0	0	0	526	902.4	864.696	632.655	1644	1644	420.8	0	436	0	0	0	654	0	0	0	303.306	364.645	364.645	364.645	636	636	240.609	0	0	0	0	120.377	150.584	0	0	120.377	303.306	364.645	364.645	364.645	636	636	240.609	0	0	0	0	120.377	150.584	0	0	120.377	
500	840	840	840	1500	1500	400	0	449.082	0	0	0	600	0	0	0	526	631.2	631.2	631.2	1644	1644	420.8	0	436	0	0	0	654	0	0	0	303.306	364.645	364.645	364.645	636	636	240.609	0	0	0	0	120.377	150.584	0	0	120.377	303.306	364.645	364.645	364.645	636	636	240.609	0	0	0	0	120.377	150.584	0	0	120.377	
500	840	840	840	1500	1500	351.62	0	400	0	0	0	600	0	0	0	526	631.2	631.2	631.2	1644	1644	240.609	0	436	0	0	0	486	0	0	0	303.306	364.645	364.645	364.645	636	636	240.609	0	0	0	0	0	0	0	0	0	303.306	364.645	364.645	364.645	636	636	240.609	0	0	0	0	0	0	0	0	0	
443.023	600	600	600	1500	1500	240.478	0	400	0	0	0	600	0	0	0	300.959	631.2	631.2	631.2	1644	1644	240.609	0	436	0	0	0	486	0	0	0	303.306	364.645	364.645	364.645	636	636	240.609	0	0	0	0	0	0	0	0	0	303.306	364.645	364.645	364.645	636	636	240.609	0	0	0	0	0	0	0	0	0	
700	840	840	840	1800	1800	560	200	600	0	0	250	750	0	0	150	526	902.4	902.4	902.4	1644	1644	420.8	200	598.451	0	0	0	654	0	0	150	0	364.645	364.645	364.645	636	636	240.609	0	0	0	0	0	0	0	0	0	0	364.645	364.645	364.645	636	636	0	0	0	0	0	0	0	0	0	0	
900	1080	1080	1080	1800	1800	769.202	400	600	0	0	480	900	0	0	300	752	902.4	902.4	902.4	1840.92	1980	601.6	400	660	0	0	0	822	0	0	300	0	364.645	364.645	662.994	1308	1308	240.609	0	0	0	0	0	0	0	0	0	0	364.645	364.645	364.645	1308	1308	0	0	0	0	0	0	0	0	0	0	
1229.04	1320	1320	1320	1800	1800	1040	600	600	0	100	720	900	0	0	450	978	1173.6	1173.6	1173.6	1980	1980	797.06	600	660	0	0	250	990	0	0	450	0	831.2	831.2	831.2	1342.19	1605	240.609	0	0	0	0	0	0	0	0	0	0	831.2	831.2	831.2	1309.86	1308	0	0	0	0	0	0	0	0	0	0	
1300	1560	1560	1560	1800	1800	1040	650	600	0	200	720	900	0	0	600	1000.26	1444.8	1444.8	1444.8	1980	1980	963.2	715	660	0	100	500	990	0	0	600	0	831.2	831.2	831.2	1605	1605	240.609	0	231	0	0	0	346.5	0	0	0	0	831.2	831.2	831.2	1644	1617.93	0	0	0	0	0	0	486	0	0	0	
1265.3	1560	1560	1560	1800	1800	1040	650	600	0	300	720	900	0	0	720	1204	1444.8	1444.8	1444.8	1980	1980	1144	715	660	0	200	750	990	0	0	750	0	1302.4	1119.41	1302.4	1605	1605	601.6	250.25	462	0	0	277.2	693	0	0	277.2	0	1302.4	835.212	835.212	1605	1605	0	357.5	330	0	0	388.8	815	0	0	388.8	
1100	1560	1473.58	1320.94	1800	1800	1040	650	600	0	315	720	900	0	0	720	1204	1444.8	1444.8	1444.8	1980	1980	1144	715	660	0	300	792	990	0	0	792	0	1302.4	1302.4	1302.4	1605	1605	944	500.5	535	0	0	554.4	815	0	0	554.4	0	1302.4	1302.4	1380.78	1605	1605	0	590	535	0	0	642	815	0	0	667	
1221.6	1560	1560	1560	1800	1800	1040	650	600	0	315	720	900	0	0	720	1204	1444.8	1444.8	1444.8	1980	1980	1144	715	660	0	354	792	990	0	0	792	726	1302.4	1302.4	1302.4	1605	1605	782.4	590	535	0	0	523.2	815	0	0	523.532	726	1302.4	1302.4	1302.4	1605	1605	572	590	535	0	0	527.602	815	0	0	523.2	
1100	1560	1346.32	1560	1800	1800	1040	650	600	0	315	720	900	0	0	720	1204	1444.8	1444.8	1444.8	1980	1980	1144	715	660	0	354	792	990	0	0	792	846.63	1302.4	1302.4	1302.4	1605	1605	782.4	590	535	0	0	523.2	815	0	0	523.2	1152	1302.4	1302.4	1302.4	1605	1605	782.4	590	535	0	0	642	815	0	0	657.6	
1280.42	1560	1560	1560	1800	1800	1040	650	600	0	315	720	900	0	0	720	1204	1444.8	1444.8	1444.8	1980	1980	1144	715	660	0	354	792	990	0	0	792	726	1302.4	1302.4	1302.4	1605	1605	601.6	590	535	0	0	277.2	815	0	0	277.2	726	1034.64	835.212	835.212	1605	1605	601.6	357.5	535	0	0	388.8	815	0	0	388.8	
1171.03	1560	1560	1560	1800	1800	1040	650	600	0	315	720	900	0	0	720	1204	1444.8	1444.8	1444.8	1980	1980	1144	715	660	0	354	792	990	0	0	792	550.778	831.2	831.2	831.2	1605	1605	420.8	489	535	0	0	0	654	0	0	0	303.306	831.2	831.2	831.2	1605	1605	420.8	0	535	0	0	0	654	0	0	0	
1100	1560	1560	1519.23	1800	1800	1040	650	600	0	315	720	900	0	0	720	1204	1444.8	1444.8	1444.8	1980	1980	1144	715	660	0	354	792	990	0	0	792	303.306	831.2	831.2	831.2	1605	1605	240.609	376	324.238	0	0	0	486	0	0	0	303.306	831.2	831.2	831.2	1308	1308	240.609	0	382.865	0	0	0	486	0	0	0	
1300	1560	1560	1560	1800	1800	1040	650	600	0	330	720	900	0	0	720	978	1444.8	1444.8	1444.8	1980	1980	963.2	715	660	0	254	792	990	0	0	739.9	303.306	831.2	831.2	831.2	1308	1372.04	240.609	376	324	0	0	0	486	0	0	0	303.306	831.2	831.2	831.2	1309.86	1644	240.609	0	324	0	0	0	486	0	0	0	
1100	1560	1560	1460.4	1800	1800	1040	650	600	0	315	720	900	0	0	720	1204	1444.8	1444.8	1444.8	1980	1980	1144	715	660	0	354	792	990	0	0	792	665.708	831.2	831.2	831.2	1605	1605	420.8	489	535	0	0	0	654	0	0	0	726	831.2	831.2	831.2	1605	1605	420.8	0	535	0	0	0	654	0	0	0	
1100	1320	1320	1496.87	1800	1800	1040	650	600	0	315	720	900	0	0	720	1204	1444.8	1444.8	1444.8	1980	1980	1144	715	660	0	354	792	990	0	0	792	767.738	1302.4	1302.4	1302.4	1605	1605	782.4	590	535	0	0	277.2	815	0	0	277.2	1152	1302.4	1302.4	1302.4	1605	1605	782.4	357.5	535	0	0	396	815	0	0	396	
1100	1442.4	1320	1320	1800	1800	1040	650	600	0	300	720	900	0	0	720	1204	1444.8	1444.8	1444.8	1980	1980	963.2	715	660	0	300	792	990	0	0	792	728.941	1302.4	1302.4	1302.4	1605	1605	782.4	500.5	535	0	0	523.2	815	0	0	523.2	833.093	1302.4	1302.4	1302.4	1605	1605	572	590	535	0	0	642	815	0	0	657.6	
1100	1354.84	1560	1560	1800	1800	1040	650	600	0	200	720	900	0	0	720	1204	1444.8	1444.8	1444.8	1980	1980	1144	715	660	0	200	750	990	0	0	733.32	0	831.2	831.2	877.846	1605	1605	400.4	250.25	535	0	0	277.2	815	0	0	277.2	0	831.2	831.2	831.2	1605	1605	0	357.5	535	0	0	388.8	815	0	0	388.8	
1300	1320.94	1560	1386.64	1800	1800	1040	650	600	0	100	720	900	0	0	720	978	1173.6	1173.6	1173.6	1980	1980	782.4	715	660	0	100	500	990	0	0	583.32	0	0	831.2	831.2	1644	1644	0	0	324	0	0	0	654	0	0	0	0	831.2	831.2	831.2	1644	1644	0	0	436	0	0	0	596.56	0	0	0	
900	1272	1320	1081	1800	1800	800	650	600	0	0	480	900	0	0	600	500	1173.6	1173.6	915.6	1980	1980	400	715	660	0	0	250	822	0	0	433.32	0	0	831.2	831.2	1644	1645.7	0	0	231	0	0	0	822.478	0	0	0	0	0	831.2	831.2	1644	1552.69	0	0	324.238	0	0	0	486.526	0	0	0	
768	1080	1080	1080	1800	1800	400	650	600	0	0	250	900	0	0	480	0	903.74	1064.82	1173.6	1980	1980	0	715	660	0	0	0	822	0	0	388.8	0	0	0	831.2	1644	1644	0	0	0	0	0	0	486	0	0	0	0	0	831.2	0	1644	1327.06	0	0	0	0	0	0	0	0	0	0	
851.998	1081	1080	1080	1800	1800	0	650	600	0	0	0	900	0	0	480	0	903.74	902.4	902.4	1980	1841.35	0	715	660	0	0	0	822	0	0	388.8	0	0	0	0	1444.11	1645.7	0	0	0	0	0	0	486	0	0	0	0	0	0	0	1309.86	1308	0	0	0	0	0	0	0	0	0	0	

Up Reserve
0	0	0	0	0	0	200	0	100	0	0	0	0	0	0	0	250	300	0	0	0	0	0	0	0	0	0	0	175	0	0	0	0	0	0	0	375	375	0	0	0	0	0	0	0	0	0	125	0	300	94.718	0	375	0	0	0	0	0	0	0	175	0	0	0	
0	300	0	0	0	0	0	0	89.364	0	0	0	0	0	0	0	0	0	0	0	336	0	0	0	125	0	0	0	0	0	0	0	0	0	300	300	375	0	0	0	0	0	0	150	0	0	0	125	0	0	300	0	0	375	0	0	0	0	0	0	0	0	0	0	
0	300	0	0	300	300	0	0	0	0	0	0	0	0	0	0	0	0	0	300	336	0	0	0	0	0	0	0	0	0	0	0	0	300	0	0	0	375	0	0	0	0	0	0	0	0	0	0	0	286.948	0	0	0	0	0	0	0	0	0	0	0	0	0	0	
0	0	0	0	0	300	200	0	0	0	0	0	48.23	0	0	0	250	0	0	0	0	336	0	0	125	0	0	0	175	0	0	0	0	0	0	0	0	0	0	0	0	0	0	0	0	0	0	0	250	0	300	0	375	0	0	0	0	0	0	0	0	0	0	0	
0	300	0	300	0	0	0	0	0	0	0	0	0	0	0	0	250	0	0	0	336	0	47.1689	0	61.5491	0	0	0	0	0	0	0	0	0	300	0	0	375	200	0	0	0	0	0	0	0	0	0	0	0	300	0	375	0	0	0	0	0	0	0	0	0	0	0	
250	300	0	300	0	0	200	0	0	0	0	150	0	0	0	0	0	300	300	300	0	0	200	125	0	0	0	0	111.172	0	0	0	0	0	0	300	375	0	0	0	0	0	0	0	0	0	0	0	0	0	300	0	0	375	0	0	0	0	0	0	0	0	0	0	
70.9554	0	0	229.591	0	0	0	0	0	0	0	0	0	0	0	125	250	300	300	300	0	0	200	115	0	0	0	150	0	0	0	125	0	0	300	300	0	375	200	0	0	0	0	0	0	0	0	0	0	300	300	300	375	375	0	0	0	0	0	0	0	0	0	0	
0	0	0	0	0	0	0	0	0	0	75	0	0	0	0	120	250	208.277	271.2	271.2	0	0	180.8	0	0	0	75	150	0	0	0	125	0	300	300	300	375	375	200	0	125	0	0	0	175	0	0	0	0	300	300	300	336	362.069	0	0	0	0	0	0	175	0	0	0	
34.698	0	0	0	0	0	0	0	0	0	75	0	0	0	0	0	226	271.2	271.2	271.2	0	0	0	0	0	0	75	42	0	0	0	42	0	300	300	300	375	375	200	125	125	0	0	150	175	0	0	125	0	300	300	300	375	375	0	125	125	0	0	150	175	0	0	125	
200	0	86.4195	239.061	0	0	0	0	0	0	75	0	0	0	0	0	226	271.2	271.2	271.2	0	0	0	0	0	0	75	0	0	0	0	0	0	300	300	300	375	375	200	125	125	0	0	150	175	0	0	125	0	300	300	300	375	375	0	125	125	0	0	150	175	0	0	125	
78.404	0	0	0	0	0	0	0	0	0	75	0	0	0	0	0	226	271.2	271.2	271.2	0	0	0	0	0	0	75	0	0	0	0	0	250	300	300	300	375	375	200	125	125	0	0	150	175	0	0	125	250	300	300	300	375	375	200	125	125	0	0	150	175	0	0	125	
200	0	213.68	0	0	0	0	0	0	0	75	0	0	0	0	0	226	271.2	271.2	271.2	0	0	0	0	0	0	75	0	0	0	0	0	250	300	300	300	375	375	200	125	125	0	0	150	175	0	0	125	250	300	300	300	375	375	200	125	125	0	0	150	175	0	0	125	
19.58	0	0	0	0	0	0	0	0	0	75	0	0	0	0	0	226	271.2	271.2	271.2	0	0	0	0	0	0	75	0	0	0	0	0	250	300	300	300	375	375	200	125	125	0	0	150	175	0	0	125	250	300	300	300	375	375	200	125	125	0	0	150	175	0	0	125	
128.974	0	0	0	0	0	0	0	0	0	75	0	0	0	0	0	226	271.2	271.2	271.2	0	0	0	0	0	0	75	0	0	0	0	0	250	300	300	300	375	375	200	125	125	0	0	0	175	0	0	0	250	300	300	300	375	375	200	0	125	0	0	0	175	0	0	0	
200	0	0	40.774	0	0	0	0	0	0	75	0	0	0	0	0	226	271.2	271.2	271.2	0	0	0	0	0	0	75	0	0	0	0	0	250	300	300	300	375	375	200	125	125	0	0	0	175	0	0	0	250	300	300	300	375	375	200	0	125	0	0	0	175	0	0	0	
0	0	0	0	0	0	0	0	0	0	60	0	0	0	0	0	250	83.26	271.2	271.2	0	0	180.8	0	0	0	0	0	0	0	0	0	250	300	300	300	375	375	200	125	125	0	0	0	175	0	0	0	250	300	300	300	375	336	200	0	125	0	0	0	175	0	0	0	
200	0	0	99.598	0	0	0	0	0	0	75	0	0	0	0	0	226	271.2	271.2	271.2	0	0	0	0	0	0	75	0	0	0	0	0	250	300	300	300	375	375	200	125	125	0	0	0	175	0	0	0	250	300	300	300	375	375	200	0	125	0	0	0	175	0	0	0	
200	240	240	63.128	0	0	0	0	0	0	75	0	0	0	0	0	226	271.2	271.2	271.2	0	0	0	0	0	0	75	0	0	0	0	0	250	300	300	300	375	375	200	125	125	0	0	150	175	0	0	125	250	300	300	300	375	375	200	125	125	0	0	150	175	0	0	125	
200	117.604	240	240	0	0	0	0	0	0	75	0	0	0	0	0	226	271.2	271.2	271.2	0	0	180.8	0	0	0	75	0	0	0	0	0	250	300	300	300	375	375	200	125	125	0	0	150	175	0	0	125	250	300	300	300	375	375	200	125	125	0	0	150	175	0	0	125	
200	205.156	0	0	0	0	0	0	0	0	75	0	0	0	0	0	226	271.2	271.2	271.2	0	0	0	0	0	0	75	42	0	0	0	58.68	0	300	300	300	375	375	200	125	125	0	0	150	175	0	0	125	0	300	300	300	375	375	0	125	125	0	0	150	175	0	0	125	
0	166.482	0	173.36	0	0	0	0	0	0	75	0	0	0	0	0	250	300	300	300	0	0	200	0	0	0	75	150	0	0	0	125	0	0	300	300	336	336	0	0	125	0	0	0	175	0	0	0	0	300	300	300	336	336	0	0	125	0	0	0	0	0	0	0	
0	0	143.915	300	0	0	0	0	0	0	0	150	0	0	0	120	250	0	300	300	0	0	200	0	0	0	0	150	168	0	0	125	0	0	0	300	336	334.296	0	0	125	0	0	0	167.522	0	0	0	0	0	0	300	0	375	0	0	125	0	0	0	175	0	0	0	
250	300	300	300	0	0	200	0	0	0	0	150	0	0	0	125	0	300	300	300	0	0	0	0	0	0	0	0	108.756	0	0	125	0	0	0	0	0	0	0	0	0	0	0	0	175	0	0	0	0	0	300	0	0	375	0	0	0	0	0	0	0	0	0	0	
250	300	0	300	0	0	0	0	0	0	0	0	0	0	0	125	0	300	300	300	0	0	0	0	0	0	0	0	168	0	0	125	0	0	0	0	375	273.498	0	0	0	0	0	0	0	0	0	0	0	0	0	0	0	375	0	0	0	0	0	0	0	0	0	0	

Down Reserve
0	0	0	0	0	0	0	0	0	0	0	0	0	0	0	0	0	0	0	0	0	0	0	0	0	0	0	0	0	0	0	0	0	0	0	0	0	0	0	0	0	0	0	0	0	0	0	0	0	0	0	0	0	0	0	0	0	0	0	0	0	0	0	0	
0	0	0	0	0	0	0	0	0	0	0	0	0	0	0	0	0	0	0	0	0	0	0	0	0	0	0	0	0	0	0	0	0	0	0	0	0	0	0	0	0	0	0	0	0	0	0	0	0	0	0	0	0	0	0	0	0	0	0	0	0	0	0	0	
0	0	0	0	0	0	0	0	0	0	0	0	0	0	0	0	0	0	0	0	0	0	0	0	0	0	0	0	0	0	0	0	0	0	0	0	0	0	0	0	0	0	0	0	0	0	0	0	0	0	0	0	0	0	0	0	0	0	0	0	0	0	0	0	
0	0	0	0	0	0	0	0	0	0	0	0	0	0	0	0	0	0	0	0	0	0	0	0	0	0	0	0	0	0	0	0	0	0	0	0	0	0	0	0	0	0	0	0	0	0	0	0	0	0	0	0	0	0	0	0	0	0	0	0	0	0	0	0	
0	0	0	0	0	0	0	0	0	0	0	0	0	0	0	0	0	0	0	0	0	0	0	0	0	0	0	0	0	0	0	0	0	0	0	0	0	0	0	0	0	0	0	0	0	0	0	0	0	0	0	0	0	0	0	0	0	0	0	0	0	0	0	0	
0	0	0	0	0	0	0	0	0	0	0	0	0	0	0	0	0	0	0	0	0	0	0	0	0	0	0	0	0	0	0	0	0	0	0	0	0	0	0	0	0	0	0	0	0	0	0	0	0	0	0	0	0	0	0	0	0	0	0	0	0	0	0	0	
0	0	0	0	0	0	0	0	0	0	0	0	0	0	0	0	0	0	0	0	0	0	0	0	0	0	0	0	0	0	0	0	0	0	0	0	0	0	0	0	0	0	0	0	0	0	0	0	0	0	0	0	0	0	0	0	0	0	0	0	0	0	0	0	
0	0	0	0	0	0	0	0	0	0	0	0	0	0	0	0	0	0	0	0	0	0	0	0	0	0	0	0	0	0	0	0	0	0	0	0	0	0	0	0	0	0	0	0	0	0	0	0	0	0	0	0	0	0	0	0	0	0	0	0	0	0	0	0	
0	0	0	0	0	0	0	0	0	0	0	0	0	0	0	0	0	0	0	0	0	0	0	0	0	0	0	0	0	0	0	0	0	0	0	0	0	0	0	0	0	0	0	0	0	0	0	0	0	0	0	0	0	0	0	0	0	0	0	0	0	0	0	0	
0	0	0	0	0	0	0	0	0	0	0	0	0	0	0	0	0	0	0	0	0	0	0	0	0	0	0	0	0	0	0	0	0	0	0	0	0	0	0	0	0	0	0	0	0	0	0	0	0	0	0	0	0	0	0	0	0	0	0	0	0	0	0	0	
0	0	0	0	0	0	0	0	0	0	0	0	0	0	0	0	0	0	0	0	0	0	0	0	0	0	0	0	0	0	0	0	0	0	0	0	0	0	0	0	0	0	0	0	0	0	0	0	0	0	0	0	0	0	0	0	0	0	0	0	0	0	0	0	
0	0	0	0	0	0	0	0	0	0	0	0	0	0	0	0	0	0	0	0	0	0	0	0	0	0	0	0	0	0	0	0	0	0	0	0	0	0	0	0	0	0	0	0	0	0	0	0	0	0	0	0	0	0	0	0	0	0	0	0	0	0	0	0	
0	0	0	0	0	0	0	0	0	0	0	0	0	0	0	0	0	0	0	0	0	0	0	0	0	0	0	0	0	0	0	0	0	0	0	0	0	0	0	0	0	0	0	0	0	0	0	0	0	0	0	0	0	0	0	0	0	0	0	0	0	0	0	0	
0	0	0	0	0	0	0	0	0	0	0	0	0	0	0	0	0	0	0	0	0	0	0	0	0	0	0	0	0	0	0	0	0	0	0	0	0	0	0	0	0	0	0	0	0	0	0	0	0	0	0	0	0	0	0	0	0	0	0	0	0	0	0	0	
0	0	0	0	0	0	0	0	0	0	0	0	0	0	0	0	0	0	0	0	0	0	0	0	0	0	0	0	0	0	0	0	0	0	0	0	0	0	0	0	0	0	0	0	0	0	0	0	0	0	0	0	0	0	0	0	0	0	0	0	0	0	0	0	
0	0	0	0	0	0	0	0	0	0	0	0	0	0	0	0	0	0	0	0	0	0	0	0	0	0	0	0	0	0	0	0	0	0	0	0	0	0	0	0	0	0	0	0	0	0	0	0	0	0	0	0	0	0	0	0	0	0	0	0	0	0	0	0	
0	0	0	0	0	0	0	0	0	0	0	0	0	0	0	0	0	0	0	0	0	0	0	0	0	0	0	0	0	0	0	0	0	0	0	0	0	0	0	0	0	0	0	0	0	0	0	0	0	0	0	0	0	0	0	0	0	0	0	0	0	0	0	0	
0	0	0	0	0	0	0	0	0	0	0	0	0	0	0	0	0	0	0	0	0	0	0	0	0	0	0	0	0	0	0	0	0	0	0	0	0	0	0	0	0	0	0	0	0	0	0	0	0	0	0	0	0	0	0	0	0	0	0	0	0	0	0	0	
0	0	0	0	0	0	0	0	0	0	0	0	0	0	0	0	0	0	0	0	0	0	0	0	0	0	0	0	0	0	0	0	0	0	0	0	0	0	0	0	0	0	0	0	0	0	0	0	0	0	0	0	0	0	0	0	0	0	0	0	0	0	0	0	
0	0	0	0	0	0	0	0	0	0	0	0	0	0	0	0	0	0	0	0	0	0	0	0	0	0	0	0	0	0	0	0	0	0	0	0	0	0	0	0	0	0	0	0	0	0	0	0	0	0	0	0	0	0	0	0	0	0	0	0	0	0	0	0	
0	0	0	0	0	0	0	0	0	0	0	0	0	0	0	0	0	0	0	0	0	0	0	0	0	0	0	0	0	0	0	0	0	0	0	0	0	0	0	0	0	0	0	0	0	0	0	0	0	0	0	0	0	0	0	0	0	0	0	0	0	0	0	0	
0	0	0	0	0	0	0	0	0	0	0	0	0	0	0	0	0	0	0	0	0	0	0	0	0	0	0	0	0	0	0	0	0	0	0	0	0	0	0	0	0	0	0	0	0	0	0	0	0	0	0	0	0	0	0	0	0	0	0	0	0	0	0	0	
0	0	0	0	0	0	0	0	0	0	0	0	0	0	0	0	0	0	0	0	0	0	0	0	0	0	0	0	0	0	0	0	0	0	0	0	0	0	0	0	0	0	0	0	0	0	0	0	0	0	0	0	0	0	0	0	0	0	0	0	0	0	0	0	
0	0	0	0	0	0	0	0	0	0	0	0	0	0	0	0	0	0	0	0	0	0	0	0	0	0	0	0	0	0	0	0	0	0	0	0	0	0	0	0	0	0	0	0	0	0	0	0	0	0	0	0	0	0	0	0	0	0	0	0	0	0	0	0	

fuelCost 
5757.21	8763.25	8763.25	8763.25	13392	13392	4674.97	0	5216.99	0	0	0	6248.78	0	0	0	6022.7	9411.63	9030.53	6685.12	14848.3	14848.3	4887.94	0	4566.53	0	0	0	6800.29	0	0	0	4906.6	5433.02	5433.02	5433.02	7488.22	7488.22	3997.04	0	0	0	0	2250.4	2584.85	0	0	2250.4	4906.6	5433.02	5433.02	5433.02	7488.22	7488.22	3997.04	0	0	0	0	2250.4	2584.85	0	0	2250.4	
5757.21	8763.25	8763.25	8763.25	13392	13392	4674.97	0	4702.61	0	0	0	6248.78	0	0	0	6022.7	6670.41	6670.41	6670.41	14848.3	14848.3	4887.94	0	4566.53	0	0	0	6800.29	0	0	0	4906.6	5433.02	5433.02	5433.02	7488.22	7488.22	3997.04	0	0	0	0	2250.4	2584.85	0	0	2250.4	4906.6	5433.02	5433.02	5433.02	7488.22	7488.22	3997.04	0	0	0	0	2250.4	2584.85	0	0	2250.4	
5757.21	8763.25	8763.25	8763.25	13392	13392	4189.62	0	4206.79	0	0	0	6248.78	0	0	0	6022.7	6670.41	6670.41	6670.41	14848.3	14848.3	3074.65	0	4566.53	0	0	0	5109.87	0	0	0	4906.6	5433.02	5433.02	5433.02	7488.22	7488.22	3997.04	0	0	0	0	0	0	0	0	0	4906.6	5433.02	5433.02	5433.02	7488.22	7488.22	3997.04	0	0	0	0	0	0	0	0	0	
5190.17	6373.33	6373.33	6373.33	13392	13392	3074.65	0	4206.79	0	0	0	6248.78	0	0	0	3774.31	6670.41	6670.41	6670.41	14848.3	14848.3	3074.65	0	4566.53	0	0	0	5109.87	0	0	0	4906.6	5433.02	5433.02	5433.02	7488.22	7488.22	3997.04	0	0	0	0	0	0	0	0	0	4906.6	5433.02	5433.02	5433.02	7488.22	7488.22	3997.04	0	0	0	0	0	0	0	0	0	
7867.61	8763.25	8763.25	8763.25	16494.6	16494.6	6356.89	2543.52	6257.19	0	0	3052.25	7805.33	0	0	2032.67	6022.7	9411.63	9411.63	9411.63	14848.3	14848.3	4887.94	2543.98	6245.03	0	0	0	6800.29	0	0	2032.62	0	5433.02	5433.02	5433.02	7488.22	7488.22	3997.04	0	0	0	0	0	0	0	0	0	0	5433.02	5433.02	5433.02	7488.22	7488.22	0	0	0	0	0	0	0	0	0	0	
10098	11337.5	11337.5	11337.5	16494.6	16494.6	8680.05	4473.93	6257.19	0	0	5530.7	9429.38	0	0	3580.4	8433.89	9411.63	9411.63	9411.63	16967.8	18464.7	6805.44	4472.86	6895.23	0	0	0	8575.38	0	0	3580.38	0	5433.02	5433.02	9140.87	14983	14983	3997.04	0	0	0	0	0	0	0	0	0	0	5433.02	5433.02	5433.02	14983	14983	0	0	0	0	0	0	0	0	0	0	
14042.4	14096	14096	14096	16494.6	16494.6	11863.4	6524.32	6257.19	0	1484.2	8310.62	9429.38	0	0	5201.57	10998.3	12388.2	12388.2	12388.2	18464.7	18464.7	8992.38	6520.39	6895.23	0	0	3050.57	10435.1	0	0	5203.82	0	11231.3	11231.3	11231.3	15422.6	18801.4	3997.04	0	0	0	0	0	0	0	0	0	0	11231.3	11231.3	11231.3	15006.9	14983	0	0	0	0	0	0	0	0	0	0	
14918.8	17038.9	17038.9	17038.9	16494.6	16494.6	11863.4	7051.92	6257.19	0	2700.2	8310.62	9429.38	0	0	6896.18	11266	15600.2	15600.2	15600.2	18464.7	18464.7	10934.6	7753.37	6895.23	0	1484.12	5758.49	10435.1	0	0	6902.92	0	11231.3	11231.3	11231.3	18801.4	18801.4	3997.04	0	3340.89	0	0	0	4909.49	0	0	0	0	11231.3	11231.3	11231.3	19302.8	18967.6	0	0	0	0	0	0	6642.83	0	0	0	
14490.2	17038.9	17038.9	17038.9	16494.6	16494.6	11863.4	7051.92	6257.19	0	3952.92	8310.62	9429.38	0	0	8310.62	13716	15600.2	15600.2	15600.2	18464.7	18464.7	13146.3	7753.37	6895.23	0	2701.02	8677.7	10435.1	0	0	8677.7	0	18011	15378.2	18011	18801.4	18801.4	8847.07	3919.37	6282.19	0	0	4339.23	9376.07	0	0	4339.23	0	18011	11289	11289	18801.4	18801.4	0	5267.64	4573.37	0	0	5882.37	11051.8	0	0	5882.37	
12448.4	17038.9	15979.3	14107.6	16494.6	16494.6	11863.4	7051.93	6257.19	0	4143.42	8310.62	9429.38	0	0	8310.62	13716	15600.2	15600.2	15600.2	18464.7	18464.7	13146.3	7753.37	6895.23	0	3951.81	9182	10435.1	0	0	9182	0	18011	18011	18011	18801.4	18801.4	13923.2	7132.75	7252.83	0	0	8289.09	11051.8	0	0	8289.09	0	18011	18011	19292.4	18801.4	18801.4	0	8341.45	7252.83	0	0	9604.45	11051.8	0	0	9985.42	
13950.4	17038.9	17038.9	17038.9	16494.6	16494.6	11863.4	7051.93	6257.19	0	4143.42	8310.62	9429.38	0	0	8310.62	13716	15600.2	15600.2	15600.2	18464.7	18464.7	13146.3	7753.37	6895.23	0	4642.91	9182	10435.1	0	0	9182	10561.5	18011	18011	18011	18801.4	18801.4	11467.3	8341.45	7252.83	0	0	7820.61	11051.8	0	0	7825.6	10561.5	18011	18011	18011	18801.4	18801.4	8438.96	8341.45	7252.83	0	0	7886.7	11051.8	0	0	7820.61	
12448.4	17038.9	14418.8	17038.9	16494.6	16494.6	11863.4	7051.93	6257.19	0	4143.42	8310.62	9429.38	0	0	8310.62	13716	15600.2	15600.2	15600.2	18464.7	18464.7	13146.3	7753.37	6895.23	0	4642.91	9182	10435.1	0	0	9182	12375.8	18011	18011	18011	18801.4	18801.4	11467.3	8341.45	7252.83	0	0	7820.61	11051.8	0	0	7820.61	16968.4	18011	18011	18011	18801.4	18801.4	11467.3	8341.45	7252.83	0	0	9604.45	11051.8	0	0	9838.69	
14677	17038.9	17038.9	17038.9	16494.6	16494.6	11863.4	7051.93	6257.19	0	4143.42	8310.62	9429.38	0	0	8310.62	13716	15600.2	15600.2	15600.2	18464.7	18464.7	13146.3	7753.37	6895.23	0	4642.91	9182	10435.1	0	0	9182	10561.5	18011	18011	18011	18801.4	18801.4	8847.07	8341.45	7252.83	0	0	4339.23	11051.8	0	0	4339.23	10561.5	14158.4	11289	11289	18801.4	18801.4	8847.07	5267.64	7252.83	0	0	5882.37	11051.8	0	0	5882.37	
13325.7	17038.9	17038.9	17038.9	16494.6	16494.6	11863.4	7051.93	6257.19	0	4143.42	8310.62	9429.38	0	0	8310.62	13716	15600.2	15600.2	15600.2	18464.7	18464.7	13146.3	7753.37	6895.23	0	4642.91	9182	10435.1	0	0	9182	8217.34	11231.3	11231.3	11231.3	18801.4	18801.4	6354.33	6977.44	7252.83	0	0	0	8840.37	0	0	0	4906.6	11231.3	11231.3	11231.3	18801.4	18801.4	6354.33	0	7252.83	0	0	0	8840.37	0	0	0	
12448.4	17038.9	17038.9	16539	16494.6	16494.6	11863.4	7051.93	6257.19	0	4143.42	8310.62	9429.38	0	0	8310.62	13716	15600.2	15600.2	15600.2	18464.7	18464.7	13146.3	7753.37	6895.23	0	4642.91	9182	10435.1	0	0	9182	4906.6	11231.3	11231.3	11231.3	18801.4	18801.4	3997.04	5501.17	4499.27	0	0	0	6642.83	0	0	0	4906.6	11231.3	11231.3	11231.3	14983	14983	3997.04	0	5253.2	0	0	0	6642.83	0	0	0	
14918.8	17038.9	17038.9	17038.9	16494.6	16494.6	11863.4	7051.93	6257.19	0	4333.92	8310.62	9429.38	0	0	8310.62	10998.3	15600.2	15600.2	15600.2	18464.7	18464.7	10934.6	7753.37	6895.23	0	3372.7	9182	10435.1	0	0	8556.42	4906.6	11231.3	11231.3	11231.3	14983	15806.4	3997.04	5501.17	4496.21	0	0	0	6642.83	0	0	0	4906.6	11231.3	11231.3	11231.3	15006.9	19302.8	3997.04	0	4496.21	0	0	0	6642.83	0	0	0	
12448.4	17038.9	17038.9	15817.7	16494.6	16494.6	11863.4	7051.93	6257.19	0	4143.42	8310.62	9429.38	0	0	8310.62	13716	15600.2	15600.2	15600.2	18464.7	18464.7	13146.3	7753.37	6895.23	0	4642.91	9182	10435.1	0	0	9182	9754.92	11231.3	11231.3	11231.3	18801.4	18801.4	6354.33	6977.44	7252.83	0	0	0	8840.37	0	0	0	10561.5	11231.3	11231.3	11231.3	18801.4	18801.4	6354.33	0	7252.83	0	0	0	8840.37	0	0	0	
12448.4	14096	14096	16264.9	16494.6	16494.6	11863.4	7051.93	6257.19	0	4143.42	8310.62	9429.38	0	0	8310.62	13716	15600.2	15600.2	15600.2	18464.7	18464.7	13146.3	7753.37	6895.23	0	4642.91	9182	10435.1	0	0	9182	11189.2	18011	18011	18011	18801.4	18801.4	11467.3	8341.45	7252.83	0	0	4339.23	11051.8	0	0	4339.23	16968.4	18011	18011	18011	18801.4	18801.4	11467.3	5267.64	7252.83	0	0	5986.2	11051.8	0	0	5986.2	
12448.4	15596.9	14096	14096	16494.6	16494.6	11863.4	7051.93	6257.19	0	3952.92	8310.62	9429.38	0	0	8310.62	13716	15600.2	15600.2	15600.2	18464.7	18464.7	10934.6	7753.37	6895.23	0	3951.81	9182	10435.1	0	0	9182	10605.8	18011	18011	18011	18801.4	18801.4	11467.3	7132.75	7252.83	0	0	7820.61	11051.8	0	0	7820.61	12172.2	18011	18011	18011	18801.4	18801.4	8438.96	8341.45	7252.83	0	0	9604.45	11051.8	0	0	9838.69	
12448.4	14523.3	17038.9	17038.9	16494.6	16494.6	11863.4	7051.93	6257.19	0	2700.2	8310.62	9429.38	0	0	8310.62	13716	15600.2	15600.2	15600.2	18464.7	18464.7	13146.3	7753.37	6895.23	0	2701.02	8677.7	10435.1	0	0	8477.42	0	11231.3	11231.3	11902.5	18801.4	18801.4	6087.45	3919.37	7252.83	0	0	4339.23	11051.8	0	0	4339.23	0	11231.3	11231.3	11231.3	18801.4	18801.4	0	5267.64	7252.83	0	0	5882.37	11051.8	0	0	5882.37	
14918.8	14107.6	17038.9	14913.2	16494.6	16494.6	11863.4	7051.93	6257.19	0	1484.2	8310.62	9429.38	0	0	8310.62	10998.3	12388.2	12388.2	12388.2	18464.7	18464.7	8820.99	7753.37	6895.23	0	1484.12	5758.49	10435.1	0	0	6710.26	0	0	11231.3	11231.3	19302.8	19302.8	0	0	4496.21	0	0	0	8840.37	0	0	0	0	11231.3	11231.3	11231.3	19302.8	19302.8	0	0	5936.49	0	0	0	8089.03	0	0	0	
10098	13544.3	14096	11349	16494.6	16494.6	9033.37	7051.93	6257.19	0	0	5530.7	9429.38	0	0	6896.18	5762.93	12388.2	12388.2	9556.51	18464.7	18464.7	4678.63	7753.37	6895.23	0	0	3050.57	8575.38	0	0	5018.78	0	0	11231.3	11231.3	19302.8	19326.6	0	0	3340.89	0	0	0	11154.9	0	0	0	0	0	11231.3	11231.3	19302.8	18128.9	0	0	4499.27	0	0	0	6649.71	0	0	0	
8625.94	11337.5	11337.5	11337.5	16494.6	16494.6	4674.97	7051.93	6257.19	0	0	3052.25	9429.38	0	0	5530.7	0	9426.34	11194.3	12388.2	18464.7	18464.7	0	7753.37	6895.23	0	0	0	8575.38	0	0	4524.9	0	0	0	11231.3	19302.8	19302.8	0	0	0	0	0	0	6642.83	0	0	0	0	0	11231.3	0	19302.8	15228.1	0	0	0	0	0	0	0	0	0	0	
9562.69	11349	11337.5	11337.5	16494.6	16494.6	0	7051.93	6257.19	0	0	0	9429.38	0	0	5530.7	0	9426.34	9411.63	9411.63	18464.7	16972.4	0	7753.37	6895.23	0	0	0	8575.38	0	0	4524.9	0	0	0	0	16732.8	19326.6	0	0	0	0	0	0	6642.83	0	0	0	0	0	0	0	15006.9	14983	0	0	0	0	0	0	0	0	0	0	
